  0.8839565E+12
  0.8839154E+12
  0.8838726E+12
  0.8838282E+12
  0.8837821E+12
  0.8837340E+12
  0.8836841E+12
  0.8836323E+12
  0.8835784E+12
  0.8835224E+12
  0.8834642E+12
  0.8834037E+12
  0.8833407E+12
  0.8832754E+12
  0.8832074E+12
  0.8831368E+12
  0.8830634E+12
  0.8829870E+12
  0.8829077E+12
  0.8828253E+12
  0.8827396E+12
  0.8826506E+12
  0.8825580E+12
  0.8824618E+12
  0.8823618E+12
  0.8822578E+12
  0.8821498E+12
  0.8820374E+12
  0.8819207E+12
  0.8817993E+12
  0.8816732E+12
  0.8815422E+12
  0.8814059E+12
  0.8812643E+12
  0.8811170E+12
  0.8809641E+12
  0.8808050E+12
  0.8806397E+12
  0.8804679E+12
  0.8802893E+12
  0.8801037E+12
  0.8799108E+12
  0.8797102E+12
  0.8795018E+12
  0.8792852E+12
  0.8790600E+12
  0.8788259E+12
  0.8785826E+12
  0.8783298E+12
  0.8780670E+12
  0.8777938E+12
  0.8775098E+12
  0.8772147E+12
  0.8769079E+12
  0.8765890E+12
  0.8762576E+12
  0.8759132E+12
  0.8755551E+12
  0.8751829E+12
  0.8747961E+12
  0.8743940E+12
  0.8739761E+12
  0.8735417E+12
  0.8730902E+12
  0.8726209E+12
  0.8721331E+12
  0.8716261E+12
  0.8710991E+12
  0.8705515E+12
  0.8699821E+12
  0.8693903E+12
  0.8687752E+12
  0.8681359E+12
  0.8674715E+12
  0.8667807E+12
  0.8660628E+12
  0.8653166E+12
  0.8645410E+12
  0.8637349E+12
  0.8628969E+12
  0.8620260E+12
  0.8611208E+12
  0.8601798E+12
  0.8592017E+12
  0.8581852E+12
  0.8571286E+12
  0.8560304E+12
  0.8548889E+12
  0.8537023E+12
  0.8524692E+12
  0.8511873E+12
  0.8498550E+12
  0.8484700E+12
  0.8470306E+12
  0.8455345E+12
  0.8439794E+12
  0.8423631E+12
  0.8406830E+12
  0.8389368E+12
  0.8371217E+12
  0.8352351E+12
  0.8332742E+12
  0.8312359E+12
  0.8291174E+12
  0.8269155E+12
  0.8246268E+12
  0.8222477E+12
  0.8197750E+12
  0.8172050E+12
  0.8145336E+12
  0.8117570E+12
  0.8088709E+12
  0.8058710E+12
  0.8027532E+12
  0.7995123E+12
  0.7961436E+12
  0.7926425E+12
  0.7890031E+12
  0.7852206E+12
  0.7812889E+12
  0.7772022E+12
  0.7729545E+12
  0.7685396E+12
  0.7639507E+12
  0.7591810E+12
  0.7542229E+12
  0.7490698E+12
  0.7437138E+12
  0.7381466E+12
  0.7323598E+12
  0.7263452E+12
  0.7200937E+12
  0.7135958E+12
  0.7068417E+12
  0.6998217E+12
  0.6925248E+12
  0.6849409E+12
  0.6770575E+12
  0.6688638E+12
  0.6603474E+12
  0.6514950E+12
  0.6422941E+12
  0.6327305E+12
  0.6227901E+12
  0.6124579E+12
  0.6017188E+12
  0.5905564E+12
  0.5789543E+12
  0.5668950E+12
  0.5543600E+12
  0.5413318E+12
  0.5277899E+12
  0.5137145E+12
  0.4990842E+12
  0.4838779E+12
  0.4680723E+12
  0.4516437E+12
  0.4345676E+12
  0.4168187E+12
  0.3983707E+12
  0.3791954E+12
  0.3592651E+12
  0.3385494E+12
  0.3170166E+12
  0.2946362E+12
  0.2713732E+12
  0.2471942E+12
  0.2220619E+12
  0.1959405E+12
  0.1687886E+12
  0.1405665E+12
  0.1112337E+12
  0.8074409E+11
  0.4905324E+11
  0.1611334E+11
  0.1812306E+11
  0.5371029E+11
  0.9069894E+11
  0.1291452E+12
  0.1691065E+12
  0.2106419E+12
  0.2538153E+12
  0.2986883E+12
  0.3453307E+12
  0.3938099E+12
  0.4441988E+12
  0.4965768E+12
  0.5510138E+12
  0.6075993E+12
  0.6664129E+12
  0.7275454E+12
  0.7910849E+12
  0.8571273E+12
  0.9257761E+12
  0.9971259E+12
  0.1071290E+13
  0.1148375E+13
  0.1228498E+13
  0.1311779E+13
  0.1398337E+13
  0.1488310E+13
  0.1581826E+13
  0.1679030E+13
  0.1780064E+13
  0.1885078E+13
  0.1994226E+13
  0.2107682E+13
  0.2225603E+13
  0.2348172E+13
  0.2475570E+13
  0.2607988E+13
  0.2745628E+13
  0.2888686E+13
  0.3037385E+13
  0.3191937E+13
  0.3352583E+13
  0.3519563E+13
  0.3693116E+13
  0.3873514E+13
  0.4061016E+13
  0.4255905E+13
  0.4458476E+13
  0.4669022E+13
  0.4887877E+13
  0.5115345E+13
  0.5351781E+13
  0.5597528E+13
  0.5852972E+13
  0.6118466E+13
  0.6394426E+13
  0.6681261E+13
  0.6979397E+13
  0.7289290E+13
  0.7611378E+13
  0.7946172E+13
  0.8294143E+13
  0.8655834E+13
  0.9031776E+13
  0.9422527E+13
  0.9828686E+13
  0.1025082E+14
  0.1068962E+14
  0.1114570E+14
  0.1161976E+14
  0.1211248E+14
  0.1262461E+14
  0.1315694E+14
  0.1371023E+14
  0.1428533E+14
  0.1488308E+14
  0.1550439E+14
  0.1615019E+14
  0.1682141E+14
  0.1751911E+14
  0.1824427E+14
  0.1899803E+14
  0.1978147E+14
  0.2059582E+14
  0.2144220E+14
  0.2232194E+14
  0.2323637E+14
  0.2418678E+14
  0.2517470E+14
  0.2620151E+14
  0.2726880E+14
  0.2837809E+14
  0.2953115E+14
  0.3072961E+14
  0.3197527E+14
  0.3327005E+14
  0.3461582E+14
  0.3601464E+14
  0.3746854E+14
  0.3897978E+14
  0.4055050E+14
  0.4218309E+14
  0.4388008E+14
  0.4564385E+14
  0.4747719E+14
  0.4938270E+14
  0.5136333E+14
  0.5342195E+14
  0.5556163E+14
  0.5778571E+14
  0.6009740E+14
  0.6250013E+14
  0.6499751E+14
  0.6759334E+14
  0.7029141E+14
  0.7309577E+14
  0.7601059E+14
  0.7904017E+14
  0.8218926E+14
  0.8546232E+14
  0.8886437E+14
  0.9240037E+14
  0.9607573E+14
  0.9989581E+14
  0.1038664E+15
  0.1079935E+15
  0.1122830E+15
  0.1167416E+15
  0.1213758E+15
  0.1261926E+15
  0.1311990E+15
  0.1364026E+15
  0.1418114E+15
  0.1474330E+15
  0.1532761E+15
  0.1593493E+15
  0.1656619E+15
  0.1722229E+15
  0.1790423E+15
  0.1861306E+15
  0.1934977E+15
  0.2011551E+15
  0.2091139E+15
  0.2173866E+15
  0.2259846E+15
  0.2349215E+15
  0.2442101E+15
  0.2538643E+15
  0.2638992E+15
  0.2743288E+15
  0.2851692E+15
  0.2964363E+15
  0.3081470E+15
  0.3203191E+15
  0.3329700E+15
  0.3461193E+15
  0.3597861E+15
  0.3739910E+15
  0.3887546E+15
  0.4041000E+15
  0.4200489E+15
  0.4366257E+15
  0.4538550E+15
  0.4717622E+15
  0.4903749E+15
  0.5097188E+15
  0.5298246E+15
  0.5507212E+15
  0.5724398E+15
  0.5950136E+15
  0.6184749E+15
  0.6428594E+15
  0.6682028E+15
  0.6945435E+15
  0.7219203E+15
  0.7503738E+15
  0.7799445E+15
  0.8106795E+15
  0.8426223E+15
  0.8758217E+15
  0.9103258E+15
  0.9461858E+15
  0.9834564E+15
  0.1022190E+16
  0.1062446E+16
  0.1104284E+16
  0.1147766E+16
  0.1192957E+16
  0.1239921E+16
  0.1288732E+16
  0.1339456E+16
  0.1392173E+16
  0.1446962E+16
  0.1503898E+16
  0.1563070E+16
  0.1624563E+16
  0.1688470E+16
  0.1754883E+16
  0.1823899E+16
  0.1895624E+16
  0.1970158E+16
  0.2047617E+16
  0.2128108E+16
  0.2211754E+16
  0.2298675E+16
  0.2389005E+16
  0.2482863E+16
  0.2580400E+16
  0.2681752E+16
  0.2787072E+16
  0.2896509E+16
  0.3010224E+16
  0.3128384E+16
  0.3251163E+16
  0.3378737E+16
  0.3511290E+16
  0.3649020E+16
  0.3792118E+16
  0.3940803E+16
  0.4095285E+16
  0.4255787E+16
  0.4422542E+16
  0.4595789E+16
  0.4775779E+16
  0.4962774E+16
  0.5157031E+16
  0.5358845E+16
  0.5568498E+16
  0.5786282E+16
  0.6012523E+16
  0.6247539E+16
  0.6491650E+16
  0.6745217E+16
  0.7008598E+16
  0.7282166E+16
  0.7566311E+16
  0.7861420E+16
  0.8167916E+16
  0.8486233E+16
  0.8816802E+16
  0.9160094E+16
  0.9516595E+16
  0.9886790E+16
  0.1027118E+17
  0.1067032E+17
  0.1108474E+17
  0.1151502E+17
  0.1196173E+17
  0.1242549E+17
  0.1290694E+17
  0.1340671E+17
  0.1392549E+17
  0.1446396E+17
  0.1502286E+17
  0.1560291E+17
  0.1620488E+17
  0.1682959E+17
  0.1747784E+17
  0.1815047E+17
  0.1884837E+17
  0.1957241E+17
  0.2032356E+17
  0.2110273E+17
  0.2191097E+17
  0.2274925E+17
  0.2361866E+17
  0.2452024E+17
  0.2545513E+17
  0.2642448E+17
  0.2742946E+17
  0.2847128E+17
  0.2955122E+17
  0.3067051E+17
  0.3183055E+17
  0.3303263E+17
  0.3427816E+17
  0.3556859E+17
  0.3690532E+17
  0.3828994E+17
  0.3972398E+17
  0.4120897E+17
  0.4274657E+17
  0.4433841E+17
  0.4598622E+17
  0.4769169E+17
  0.4945654E+17
  0.5128273E+17
  0.5317197E+17
  0.5512621E+17
  0.5714733E+17
  0.5923733E+17
  0.6139814E+17
  0.6363177E+17
  0.6594036E+17
  0.6832597E+17
  0.7079072E+17
  0.7333674E+17
  0.7596629E+17
  0.7868145E+17
  0.8148454E+17
  0.8437779E+17
  0.8736351E+17
  0.9044407E+17
  0.9362168E+17
  0.9689878E+17
  0.1002778E+18
  0.1037609E+18
  0.1073506E+18
  0.1110492E+18
  0.1148593E+18
  0.1187833E+18
  0.1228234E+18
  0.1269822E+18
  0.1312621E+18
  0.1356655E+18
  0.1401946E+18
  0.1448521E+18
  0.1496403E+18
  0.1545614E+18
  0.1596179E+18
  0.1648121E+18
  0.1701463E+18
  0.1756227E+18
  0.1812437E+18
  0.1870112E+18
  0.1929277E+18
  0.1989953E+18
  0.2052161E+18
  0.2115920E+18
  0.2181253E+18
  0.2248175E+18
  0.2316710E+18
  0.2386876E+18
  0.2458687E+18
  0.2532165E+18
  0.2607328E+18
  0.2684187E+18
  0.2762765E+18
  0.2843070E+18
  0.2925123E+18
  0.3008932E+18
  0.3094517E+18
  0.3181885E+18
  0.3271052E+18
  0.3362024E+18
  0.3454821E+18
  0.3549445E+18
  0.3645909E+18
  0.3744221E+18
  0.3844385E+18
  0.3946412E+18
  0.4050306E+18
  0.4156077E+18
  0.4263725E+18
  0.4373255E+18
  0.4484674E+18
  0.4597979E+18
  0.4713179E+18
  0.4830270E+18
  0.4949252E+18
  0.5070130E+18
  0.5192895E+18
  0.5317555E+18
  0.5444098E+18
  0.5572527E+18
  0.5702839E+18
  0.5835024E+18
  0.5969089E+18
  0.6105014E+18
  0.6242797E+18
  0.6382433E+18
  0.6523919E+18
  0.6667232E+18
  0.6812380E+18
  0.6959349E+18
  0.7108118E+18
  0.7258694E+18
  0.7411061E+18
  0.7565197E+18
  0.7721096E+18
  0.7878753E+18
  0.8038140E+18
  0.8199258E+18
  0.8362089E+18
  0.8526612E+18
  0.8692828E+18
  0.8860710E+18
  0.9030237E+18
  0.9201407E+18
  0.9374196E+18
  0.9548596E+18
  0.9724584E+18
  0.9902145E+18
  0.1008126E+19
  0.1026191E+19
  0.1044408E+19
  0.1062777E+19
  0.1081293E+19
  0.1099956E+19
  0.1118764E+19
  0.1137715E+19
  0.1156809E+19
  0.1176040E+19
  0.1195410E+19
  0.1214915E+19
  0.1234554E+19
  0.1254326E+19
  0.1274227E+19
  0.1294256E+19
  0.1314412E+19
  0.1334692E+19
  0.1355095E+19
  0.1375617E+19
  0.1396259E+19
  0.1417018E+19
  0.1437892E+19
  0.1458877E+19
  0.1479973E+19
  0.1501180E+19
  0.1522493E+19
  0.1543911E+19
  0.1565432E+19
  0.1587056E+19
  0.1608778E+19
  0.1630598E+19
  0.1652513E+19
  0.1674522E+19
  0.1696623E+19
  0.1718814E+19
  0.1741091E+19
  0.1763456E+19
  0.1785903E+19
  0.1808434E+19
  0.1831043E+19
  0.1853730E+19
  0.1876492E+19
  0.1899330E+19
  0.1922239E+19
  0.1945217E+19
  0.1968261E+19
  0.1991373E+19
  0.2014546E+19
  0.2037781E+19
  0.2061073E+19
  0.2084424E+19
  0.2107827E+19
  0.2131282E+19
  0.2154786E+19
  0.2178336E+19
  0.2201932E+19
  0.2225568E+19
  0.2249241E+19
  0.2272953E+19
  0.2296695E+19
  0.2320470E+19
  0.2344273E+19
  0.2368099E+19
  0.2391946E+19
  0.2415813E+19
  0.2439692E+19
  0.2463586E+19
  0.2487486E+19
  0.2511392E+19
  0.2535296E+19
  0.2559202E+19
  0.2583099E+19
  0.2606988E+19
  0.2630862E+19
  0.2654718E+19
  0.2678552E+19
  0.2702362E+19
  0.2726141E+19
  0.2749885E+19
  0.2773592E+19
  0.2797256E+19
  0.2820872E+19
  0.2844435E+19
  0.2867943E+19
  0.2891388E+19
  0.2914772E+19
  0.2938083E+19
  0.2961319E+19
  0.2984474E+19
  0.3007545E+19
  0.3030528E+19
  0.3053414E+19
  0.3076203E+19
  0.3098886E+19
  0.3121462E+19
  0.3143925E+19
  0.3166267E+19
  0.3188486E+19
  0.3210577E+19
  0.3232533E+19
  0.3254353E+19
  0.3276028E+19
  0.3297557E+19
  0.3318935E+19
  0.3340154E+19
  0.3361212E+19
  0.3382102E+19
  0.3402824E+19
  0.3423370E+19
  0.3443737E+19
  0.3463919E+19
  0.3483914E+19
  0.3503717E+19
  0.3523325E+19
  0.3542731E+19
  0.3561937E+19
  0.3580934E+19
  0.3599718E+19
  0.3618290E+19
  0.3636645E+19
  0.3654780E+19
  0.3672689E+19
  0.3690375E+19
  0.3707828E+19
  0.3725048E+19
  0.3742038E+19
  0.3758788E+19
  0.3775303E+19
  0.3791575E+19
  0.3807606E+19
  0.3823390E+19
  0.3838928E+19
  0.3854218E+19
  0.3869263E+19
  0.3884060E+19
  0.3898604E+19
  0.3912897E+19
  0.3926937E+19
  0.3940729E+19
  0.3954266E+19
  0.3967555E+19
  0.3980591E+19
  0.3993375E+19
  0.4005909E+19
  0.4018192E+19
  0.4030227E+19
  0.4042014E+19
  0.4053554E+19
  0.4064849E+19
  0.4075899E+19
  0.4086705E+19
  0.4097274E+19
  0.4107600E+19
  0.4117694E+19
  0.4127552E+19
  0.4137175E+19
  0.4146571E+19
  0.4155740E+19
  0.4164681E+19
  0.4173403E+19
  0.4181904E+19
  0.4190190E+19
  0.4198263E+19
  0.4206126E+19
  0.4213782E+19
  0.4221233E+19
  0.4228485E+19
  0.4235539E+19
  0.4242400E+19
  0.4249071E+19
  0.4255556E+19
  0.4261856E+19
  0.4267978E+19
  0.4273922E+19
  0.4279695E+19
  0.4285298E+19
  0.4290736E+19
  0.4296014E+19
  0.4301132E+19
  0.4306095E+19
  0.4310907E+19
  0.4315571E+19
  0.4320094E+19
  0.4324474E+19
  0.4328717E+19
  0.4332827E+19
  0.4336806E+19
  0.4340659E+19
  0.4344388E+19
  0.4347998E+19
  0.4351490E+19
  0.4354867E+19
  0.4358136E+19
  0.4361295E+19
  0.4364351E+19
  0.4367304E+19
  0.4370158E+19
  0.4372918E+19
  0.4375585E+19
  0.4378163E+19
  0.4380648E+19
  0.4383055E+19
  0.4385375E+19
  0.4387617E+19
  0.4389782E+19
  0.4391873E+19
  0.4393890E+19
  0.4395838E+19
  0.4397714E+19
  0.4399529E+19
  0.4401280E+19
  0.4402967E+19
  0.4404596E+19
  0.4406166E+19
  0.4407681E+19
  0.4409143E+19
  0.4410551E+19
  0.4411910E+19
  0.4413221E+19
  0.4414484E+19
  0.4415700E+19
  0.4416876E+19
  0.4418005E+19
  0.4419099E+19
  0.4420147E+19
  0.4421161E+19
  0.4422138E+19
  0.4423079E+19
  0.4423985E+19
  0.4424859E+19
  0.4425700E+19
  0.4426511E+19
  0.4427291E+19
  0.4428044E+19
  0.4428768E+19
  0.4429465E+19
  0.4430138E+19
  0.4430784E+19
  0.4431408E+19
  0.4432010E+19
  0.4432588E+19
  0.4433142E+19
  0.4433681E+19
  0.4434197E+19
  0.4434694E+19
  0.4435172E+19
  0.4435634E+19
  0.4436077E+19
  0.4436504E+19
  0.4436916E+19
  0.4437312E+19
  0.4437694E+19
  0.4438062E+19
  0.4438415E+19
  0.4438755E+19
  0.4439081E+19
  0.4439396E+19
  0.4439699E+19
  0.4439990E+19
  0.4440272E+19
  0.4440544E+19
  0.4440805E+19
  0.4441055E+19
  0.4441297E+19
  0.4441529E+19
  0.4441751E+19
  0.4441966E+19
  0.4442174E+19
  0.4442373E+19
  0.4442564E+19
  0.4442751E+19
  0.4442928E+19
  0.4443098E+19
  0.4443262E+19
  0.4443421E+19
  0.4443572E+19
  0.4443719E+19
  0.4443862E+19
  0.4443996E+19
  0.4444126E+19
  0.4444253E+19
  0.4444375E+19
  0.4444490E+19
  0.4444603E+19
  0.4444709E+19
  0.4444812E+19
  0.4444914E+19
  0.4445010E+19
  0.4445102E+19
  0.4445190E+19
  0.4445276E+19
  0.4445357E+19
  0.4445438E+19
  0.4445514E+19
  0.4445587E+19
  0.4445658E+19
  0.4445724E+19
  0.4445791E+19
  0.4445854E+19
  0.4445913E+19
  0.4445973E+19
  0.4446027E+19
  0.4446082E+19
  0.4446134E+19
  0.4446184E+19
  0.4446233E+19
  0.4446278E+19
  0.4446322E+19
  0.4446365E+19
  0.4446406E+19
  0.4446447E+19
  0.4446483E+19
  0.4446521E+19
  0.4446557E+19
  0.4446590E+19
  0.4446623E+19
  0.4446652E+19
  0.4446683E+19
  0.4446713E+19
  0.4446743E+19
  0.4446769E+19
  0.4446794E+19
  0.4446820E+19
  0.4446843E+19
  0.4446865E+19
  0.4446888E+19
  0.4446909E+19
  0.4446929E+19
  0.4446950E+19
  0.4446968E+19
  0.4446987E+19
  0.4447005E+19
  0.4447022E+19
  0.4447040E+19
  0.4447054E+19
  0.4447069E+19
  0.4447083E+19
  0.4447097E+19
  0.4447110E+19
  0.4447122E+19
  0.4447136E+19
  0.4447148E+19
  0.4447160E+19
  0.4447170E+19
  0.4447181E+19
  0.4447191E+19
  0.4447201E+19
  0.4447210E+19
  0.4447218E+19
  0.4447228E+19
  0.4447235E+19
  0.4447244E+19
  0.4447251E+19
  0.4447258E+19
  0.4447269E+19
  0.4447276E+19
  0.4447284E+19
  0.4447289E+19
  0.4447296E+19
  0.4447302E+19
  0.4447307E+19
  0.4447313E+19
  0.4447317E+19
  0.4447322E+19
  0.4447327E+19
  0.4447331E+19
  0.4447335E+19
  0.4447340E+19
  0.4447343E+19
  0.4447349E+19
  0.4447352E+19
  0.4447357E+19
  0.4447360E+19
  0.4447364E+19
  0.4447368E+19
  0.4447370E+19
  0.4447374E+19
  0.4447376E+19
  0.4447379E+19
  0.4447381E+19
  0.4447384E+19
  0.4447387E+19
  0.4447389E+19
  0.4447391E+19
  0.4447393E+19
  0.4447395E+19
  0.4447397E+19
  0.4447398E+19
  0.4447401E+19
  0.4447402E+19
  0.4447404E+19
  0.4447405E+19
  0.4447407E+19
  0.4447409E+19
  0.4447410E+19
  0.4447411E+19
  0.4447412E+19
  0.4447413E+19
  0.4447415E+19
  0.4447418E+19
  0.4447419E+19
  0.4447421E+19
  0.4447423E+19
  0.4447424E+19
  0.4447425E+19
  0.4447426E+19
  0.4447427E+19
  0.4447428E+19
  0.4447429E+19
  0.4447430E+19
  0.4447431E+19
  0.4447432E+19
  0.4447432E+19
  0.4447433E+19
  0.4447434E+19
  0.4447434E+19
  0.4447435E+19
  0.4447435E+19
  0.4447436E+19
  0.4447436E+19
  0.4447437E+19
  0.4447437E+19
  0.4447437E+19
  0.4447437E+19
  0.4447438E+19
  0.4447438E+19
  0.4447438E+19
  0.4447438E+19
  0.4447438E+19
  0.4447439E+19
  0.4447441E+19
  0.4447442E+19
