   0.498E+16
   0.498E+16
   0.498E+16
   0.498E+16
   0.498E+16
   0.498E+16
   0.498E+16
   0.498E+16
   0.498E+16
   0.498E+16
   0.498E+16
   0.498E+16
   0.498E+16
   0.498E+16
   0.498E+16
   0.498E+16
   0.498E+16
   0.498E+16
   0.499E+16
   0.499E+16
   0.499E+16
   0.499E+16
   0.499E+16
   0.499E+16
   0.499E+16
   0.499E+16
   0.499E+16
   0.499E+16
   0.499E+16
   0.499E+16
   0.499E+16
   0.499E+16
   0.499E+16
   0.499E+16
   0.499E+16
   0.499E+16
   0.499E+16
   0.499E+16
   0.499E+16
   0.499E+16
   0.499E+16
   0.500E+16
   0.500E+16
   0.500E+16
   0.500E+16
   0.500E+16
   0.500E+16
   0.500E+16
   0.500E+16
   0.500E+16
   0.500E+16
   0.500E+16
   0.500E+16
   0.500E+16
   0.501E+16
   0.501E+16
   0.501E+16
   0.501E+16
   0.501E+16
   0.501E+16
   0.501E+16
   0.501E+16
   0.501E+16
   0.501E+16
   0.501E+16
   0.502E+16
   0.502E+16
   0.502E+16
   0.502E+16
   0.502E+16
   0.502E+16
   0.502E+16
   0.502E+16
   0.502E+16
   0.502E+16
   0.503E+16
   0.503E+16
   0.503E+16
   0.503E+16
   0.503E+16
   0.503E+16
   0.503E+16
   0.503E+16
   0.504E+16
   0.504E+16
   0.504E+16
   0.504E+16
   0.504E+16
   0.504E+16
   0.504E+16
   0.504E+16
   0.505E+16
   0.505E+16
   0.505E+16
   0.505E+16
   0.505E+16
   0.505E+16
   0.505E+16
   0.506E+16
   0.506E+16
   0.506E+16
   0.506E+16
   0.506E+16
   0.506E+16
   0.507E+16
   0.507E+16
   0.507E+16
   0.507E+16
   0.507E+16
   0.507E+16
   0.508E+16
   0.508E+16
   0.508E+16
   0.508E+16
   0.508E+16
   0.508E+16
   0.509E+16
   0.509E+16
   0.509E+16
   0.509E+16
   0.509E+16
   0.510E+16
   0.510E+16
   0.510E+16
   0.510E+16
   0.510E+16
   0.510E+16
   0.511E+16
   0.511E+16
   0.511E+16
   0.511E+16
   0.511E+16
   0.512E+16
   0.512E+16
   0.512E+16
   0.512E+16
   0.512E+16
   0.513E+16
   0.513E+16
   0.513E+16
   0.513E+16
   0.514E+16
   0.514E+16
   0.514E+16
   0.514E+16
   0.514E+16
   0.515E+16
   0.515E+16
   0.515E+16
   0.515E+16
   0.516E+16
   0.516E+16
   0.516E+16
   0.516E+16
   0.516E+16
   0.517E+16
   0.517E+16
   0.517E+16
   0.517E+16
   0.518E+16
   0.518E+16
   0.518E+16
   0.518E+16
   0.519E+16
   0.519E+16
   0.519E+16
   0.519E+16
   0.520E+16
   0.520E+16
   0.520E+16
   0.520E+16
   0.521E+16
   0.521E+16
   0.521E+16
   0.522E+16
   0.522E+16
   0.522E+16
   0.522E+16
   0.523E+16
   0.523E+16
   0.523E+16
   0.523E+16
   0.524E+16
   0.524E+16
   0.524E+16
   0.525E+16
   0.525E+16
   0.525E+16
   0.525E+16
   0.526E+16
   0.526E+16
   0.526E+16
   0.527E+16
   0.527E+16
   0.527E+16
   0.527E+16
   0.528E+16
   0.528E+16
   0.528E+16
   0.529E+16
   0.529E+16
   0.529E+16
   0.530E+16
   0.530E+16
   0.530E+16
   0.531E+16
   0.531E+16
   0.531E+16
   0.532E+16
   0.532E+16
   0.532E+16
   0.532E+16
   0.533E+16
   0.533E+16
   0.533E+16
   0.534E+16
   0.534E+16
   0.534E+16
   0.535E+16
   0.535E+16
   0.535E+16
   0.536E+16
   0.536E+16
   0.536E+16
   0.537E+16
   0.537E+16
   0.538E+16
   0.538E+16
   0.538E+16
   0.539E+16
   0.539E+16
   0.539E+16
   0.540E+16
   0.540E+16
   0.540E+16
   0.541E+16
   0.541E+16
   0.541E+16
   0.542E+16
   0.542E+16
   0.543E+16
   0.543E+16
   0.543E+16
   0.544E+16
   0.544E+16
   0.544E+16
   0.545E+16
   0.545E+16
   0.546E+16
   0.546E+16
   0.546E+16
   0.547E+16
   0.547E+16
   0.547E+16
   0.548E+16
   0.548E+16
   0.549E+16
   0.549E+16
   0.549E+16
   0.550E+16
   0.550E+16
   0.551E+16
   0.551E+16
   0.551E+16
   0.552E+16
   0.552E+16
   0.553E+16
   0.553E+16
   0.553E+16
   0.554E+16
   0.554E+16
   0.555E+16
   0.555E+16
   0.556E+16
   0.556E+16
   0.556E+16
   0.557E+16
   0.557E+16
   0.558E+16
   0.558E+16
   0.559E+16
   0.559E+16
   0.559E+16
   0.560E+16
   0.560E+16
   0.561E+16
   0.561E+16
   0.562E+16
   0.562E+16
   0.562E+16
   0.563E+16
   0.563E+16
   0.564E+16
   0.564E+16
   0.565E+16
   0.565E+16
   0.566E+16
   0.566E+16
   0.567E+16
   0.567E+16
   0.567E+16
   0.568E+16
   0.568E+16
   0.569E+16
   0.569E+16
   0.570E+16
   0.570E+16
   0.571E+16
   0.571E+16
   0.572E+16
   0.572E+16
   0.573E+16
   0.573E+16
   0.574E+16
   0.574E+16
   0.575E+16
   0.575E+16
   0.575E+16
   0.576E+16
   0.576E+16
   0.577E+16
   0.577E+16
   0.578E+16
   0.578E+16
   0.579E+16
   0.579E+16
   0.580E+16
   0.580E+16
   0.581E+16
   0.581E+16
   0.582E+16
   0.582E+16
   0.583E+16
   0.583E+16
   0.584E+16
   0.585E+16
   0.585E+16
   0.586E+16
   0.586E+16
   0.587E+16
   0.587E+16
   0.588E+16
   0.588E+16
   0.589E+16
   0.589E+16
   0.590E+16
   0.590E+16
   0.591E+16
   0.591E+16
   0.592E+16
   0.592E+16
   0.593E+16
   0.593E+16
   0.594E+16
   0.595E+16
   0.595E+16
   0.596E+16
   0.596E+16
   0.597E+16
   0.597E+16
   0.598E+16
   0.598E+16
   0.599E+16
   0.600E+16
   0.600E+16
   0.601E+16
   0.601E+16
   0.602E+16
   0.602E+16
   0.603E+16
   0.603E+16
   0.604E+16
   0.605E+16
   0.605E+16
   0.606E+16
   0.606E+16
   0.607E+16
   0.607E+16
   0.608E+16
   0.609E+16
   0.609E+16
   0.610E+16
   0.610E+16
   0.611E+16
   0.612E+16
   0.612E+16
   0.613E+16
   0.613E+16
   0.614E+16
   0.615E+16
   0.615E+16
   0.616E+16
   0.616E+16
   0.617E+16
   0.618E+16
   0.618E+16
   0.619E+16
   0.619E+16
   0.620E+16
   0.621E+16
