   0.636E+14
   0.636E+14
   0.636E+14
   0.636E+14
   0.636E+14
   0.635E+14
   0.635E+14
   0.635E+14
   0.634E+14
   0.634E+14
   0.634E+14
   0.633E+14
   0.633E+14
   0.632E+14
   0.632E+14
   0.631E+14
   0.630E+14
   0.630E+14
   0.629E+14
   0.628E+14
   0.628E+14
   0.627E+14
   0.626E+14
   0.625E+14
   0.624E+14
   0.623E+14
   0.622E+14
   0.621E+14
   0.620E+14
   0.619E+14
   0.618E+14
   0.617E+14
   0.615E+14
   0.614E+14
   0.613E+14
   0.611E+14
   0.610E+14
   0.609E+14
   0.607E+14
   0.605E+14
   0.604E+14
   0.602E+14
   0.601E+14
   0.599E+14
   0.597E+14
   0.595E+14
   0.593E+14
   0.592E+14
   0.590E+14
   0.588E+14
   0.586E+14
   0.584E+14
   0.581E+14
   0.579E+14
   0.577E+14
   0.575E+14
   0.572E+14
   0.570E+14
   0.567E+14
   0.565E+14
   0.562E+14
   0.560E+14
   0.557E+14
   0.554E+14
   0.552E+14
   0.549E+14
   0.546E+14
   0.543E+14
   0.540E+14
   0.537E+14
   0.534E+14
   0.531E+14
   0.528E+14
   0.524E+14
   0.521E+14
   0.518E+14
   0.514E+14
   0.511E+14
   0.507E+14
   0.504E+14
   0.500E+14
   0.496E+14
   0.492E+14
   0.489E+14
   0.485E+14
   0.481E+14
   0.477E+14
   0.473E+14
   0.468E+14
   0.464E+14
   0.460E+14
   0.456E+14
   0.451E+14
   0.447E+14
   0.443E+14
   0.438E+14
   0.433E+14
   0.429E+14
   0.424E+14
   0.419E+14
   0.415E+14
   0.410E+14
   0.405E+14
   0.400E+14
   0.395E+14
   0.390E+14
   0.385E+14
   0.380E+14
   0.375E+14
   0.369E+14
   0.364E+14
   0.359E+14
   0.353E+14
   0.348E+14
   0.342E+14
   0.337E+14
   0.331E+14
   0.326E+14
   0.320E+14
   0.314E+14
   0.309E+14
   0.303E+14
   0.297E+14
   0.291E+14
   0.285E+14
   0.279E+14
   0.274E+14
   0.268E+14
   0.262E+14
   0.256E+14
   0.250E+14
   0.243E+14
   0.237E+14
   0.231E+14
   0.225E+14
   0.219E+14
   0.213E+14
   0.207E+14
   0.200E+14
   0.194E+14
   0.188E+14
   0.182E+14
   0.175E+14
   0.169E+14
   0.163E+14
   0.157E+14
   0.150E+14
   0.144E+14
   0.138E+14
   0.131E+14
   0.125E+14
   0.119E+14
   0.112E+14
   0.106E+14
   0.998E+13
   0.935E+13
   0.872E+13
   0.809E+13
   0.746E+13
   0.683E+13
   0.620E+13
   0.558E+13
   0.495E+13
   0.433E+13
   0.371E+13
   0.309E+13
   0.246E+13
   0.185E+13
   0.123E+13
   0.611E+12
  -0.374E+10
  -0.617E+12
  -0.123E+13
  -0.184E+13
  -0.245E+13
  -0.306E+13
  -0.366E+13
  -0.427E+13
  -0.487E+13
  -0.547E+13
  -0.607E+13
  -0.667E+13
  -0.726E+13
  -0.786E+13
  -0.845E+13
  -0.904E+13
  -0.963E+13
  -0.102E+14
  -0.108E+14
  -0.114E+14
  -0.120E+14
  -0.125E+14
  -0.131E+14
  -0.137E+14
  -0.143E+14
  -0.149E+14
  -0.154E+14
  -0.160E+14
  -0.166E+14
  -0.171E+14
  -0.177E+14
  -0.183E+14
  -0.188E+14
  -0.194E+14
  -0.200E+14
  -0.205E+14
  -0.211E+14
  -0.216E+14
  -0.222E+14
  -0.227E+14
  -0.233E+14
  -0.238E+14
  -0.244E+14
  -0.249E+14
  -0.255E+14
  -0.260E+14
  -0.266E+14
  -0.271E+14
  -0.277E+14
  -0.282E+14
  -0.288E+14
  -0.293E+14
  -0.298E+14
  -0.304E+14
  -0.309E+14
  -0.314E+14
  -0.320E+14
  -0.325E+14
  -0.330E+14
  -0.336E+14
  -0.341E+14
  -0.346E+14
  -0.352E+14
  -0.357E+14
  -0.362E+14
  -0.368E+14
  -0.373E+14
  -0.378E+14
  -0.383E+14
  -0.389E+14
  -0.394E+14
  -0.399E+14
  -0.404E+14
  -0.409E+14
  -0.415E+14
  -0.420E+14
  -0.425E+14
  -0.430E+14
  -0.435E+14
  -0.441E+14
  -0.446E+14
  -0.451E+14
  -0.456E+14
  -0.461E+14
  -0.466E+14
  -0.471E+14
  -0.476E+14
  -0.482E+14
  -0.487E+14
  -0.492E+14
  -0.497E+14
  -0.502E+14
  -0.507E+14
  -0.512E+14
  -0.517E+14
  -0.522E+14
  -0.527E+14
  -0.532E+14
  -0.537E+14
  -0.542E+14
  -0.547E+14
  -0.552E+14
  -0.557E+14
  -0.562E+14
  -0.567E+14
  -0.572E+14
  -0.578E+14
  -0.583E+14
  -0.587E+14
  -0.592E+14
  -0.597E+14
  -0.602E+14
  -0.607E+14
  -0.612E+14
  -0.617E+14
  -0.622E+14
  -0.627E+14
  -0.632E+14
  -0.637E+14
  -0.642E+14
  -0.647E+14
  -0.652E+14
  -0.657E+14
  -0.662E+14
  -0.667E+14
  -0.672E+14
  -0.677E+14
  -0.682E+14
  -0.687E+14
  -0.692E+14
  -0.697E+14
  -0.702E+14
  -0.707E+14
  -0.712E+14
  -0.717E+14
  -0.722E+14
  -0.727E+14
  -0.732E+14
  -0.737E+14
  -0.742E+14
  -0.747E+14
  -0.752E+14
  -0.757E+14
  -0.762E+14
  -0.768E+14
  -0.773E+14
  -0.778E+14
  -0.783E+14
  -0.788E+14
  -0.793E+14
  -0.798E+14
  -0.803E+14
  -0.808E+14
  -0.813E+14
  -0.819E+14
  -0.824E+14
  -0.829E+14
  -0.834E+14
  -0.839E+14
  -0.844E+14
  -0.850E+14
  -0.855E+14
  -0.860E+14
  -0.865E+14
  -0.871E+14
  -0.876E+14
  -0.881E+14
  -0.886E+14
  -0.892E+14
  -0.897E+14
  -0.902E+14
  -0.908E+14
  -0.913E+14
  -0.918E+14
  -0.924E+14
  -0.929E+14
  -0.934E+14
  -0.940E+14
  -0.945E+14
  -0.951E+14
  -0.956E+14
  -0.961E+14
  -0.967E+14
  -0.972E+14
  -0.978E+14
  -0.983E+14
  -0.989E+14
  -0.994E+14
  -0.100E+15
  -0.101E+15
  -0.101E+15
  -0.102E+15
  -0.102E+15
  -0.103E+15
  -0.103E+15
  -0.104E+15
  -0.104E+15
  -0.105E+15
  -0.106E+15
  -0.106E+15
  -0.107E+15
  -0.107E+15
  -0.108E+15
  -0.108E+15
  -0.109E+15
  -0.110E+15
  -0.110E+15
  -0.111E+15
  -0.111E+15
  -0.112E+15
  -0.112E+15
  -0.113E+15
  -0.114E+15
  -0.114E+15
  -0.115E+15
  -0.115E+15
  -0.116E+15
  -0.117E+15
  -0.117E+15
  -0.118E+15
  -0.118E+15
  -0.119E+15
  -0.120E+15
  -0.120E+15
  -0.121E+15
  -0.121E+15
  -0.122E+15
  -0.123E+15
  -0.123E+15
  -0.124E+15
