 NaN           
  0.3628835E+02
  0.2104050E+02
  0.1493622E+02
  0.1172324E+02
  0.9691723E+01
  0.8294426E+01
  0.7296280E+01
  0.6547622E+01
  0.5947897E+01
  0.5461908E+01
  0.5064028E+01
  0.4730888E+01
  0.4448658E+01
  0.4204306E+01
  0.3991376E+01
  0.3798151E+01
  0.3652099E+01
  0.3505162E+01
  0.3372985E+01
  0.3253943E+01
  0.3146410E+01
  0.3048582E+01
  0.2958635E+01
  0.2876854E+01
  0.2800806E+01
  0.2730549E+01
  0.2665287E+01
  0.2604192E+01
  0.2548116E+01
  0.2494614E+01
  0.2446220E+01
  0.2397976E+01
  0.2361268E+01
  0.2320029E+01
  0.2280607E+01
  0.2244154E+01
  0.2208844E+01
  0.2175860E+01
  0.2144237E+01
  0.2114046E+01
  0.2085676E+01
  0.2058151E+01
  0.2032089E+01
  0.2007242E+01
  0.1982951E+01
  0.1960267E+01
  0.1938076E+01
  0.1916774E+01
  0.1896560E+01
  0.1876638E+01
  0.1857836E+01
  0.1839431E+01
  0.1821664E+01
  0.1804847E+01
  0.1788254E+01
  0.1771889E+01
  0.1756642E+01
  0.1741859E+01
  0.1727238E+01
  0.1712542E+01
  0.1698180E+01
  0.1685968E+01
  0.1674207E+01
  0.1662839E+01
  0.1650548E+01
  0.1638480E+01
  0.1626734E+01
  0.1615264E+01
  0.1604040E+01
  0.1592947E+01
  0.1582391E+01
  0.1571820E+01
  0.1561675E+01
  0.1551565E+01
  0.1541727E+01
  0.1532118E+01
  0.1522782E+01
  0.1513531E+01
  0.1504548E+01
  0.1495608E+01
  0.1486995E+01
  0.1478531E+01
  0.1470312E+01
  0.1462142E+01
  0.1454241E+01
  0.1446401E+01
  0.1438833E+01
  0.1431305E+01
  0.1424104E+01
  0.1416987E+01
  0.1410064E+01
  0.1403221E+01
  0.1396576E+01
  0.1389875E+01
  0.1383615E+01
  0.1377464E+01
  0.1371418E+01
  0.1365513E+01
  0.1359824E+01
  0.1354183E+01
  0.1348758E+01
  0.1343351E+01
  0.1338022E+01
  0.1332688E+01
  0.1327539E+01
  0.1322662E+01
  0.1318027E+01
  0.1313527E+01
  0.1309303E+01
  0.1305088E+01
  0.1300982E+01
  0.1296906E+01
  0.1292916E+01
  0.1288997E+01
  0.1285632E+01
  0.1281767E+01
  0.1278101E+01
  0.1274418E+01
  0.1270864E+01
  0.1267331E+01
  0.1263839E+01
  0.1260433E+01
  0.1257182E+01
  0.1253966E+01
  0.1250856E+01
  0.1247720E+01
  0.1244689E+01
  0.1241700E+01
  0.1238773E+01
  0.1235867E+01
  0.1233066E+01
  0.1230310E+01
  0.1227614E+01
  0.1224945E+01
  0.1222356E+01
  0.1219788E+01
  0.1217276E+01
  0.1214775E+01
  0.1212373E+01
  0.1209953E+01
  0.1207560E+01
  0.1205202E+01
  0.1202929E+01
  0.1200689E+01
  0.1198499E+01
  0.1196334E+01
  0.1194227E+01
  0.1192120E+01
  0.1190068E+01
  0.1188006E+01
  0.1186000E+01
  0.1184006E+01
  0.1182084E+01
  0.1180140E+01
  0.1178238E+01
  0.1176307E+01
  0.1174445E+01
  0.1172542E+01
  0.1170680E+01
  0.1168814E+01
  0.1167097E+01
  0.1165371E+01
  0.1163730E+01
  0.1162092E+01
  0.1160487E+01
  0.1158927E+01
  0.1157443E+01
  0.1155864E+01
  0.1154356E+01
  0.1152811E+01
  0.1151324E+01
  0.1149835E+01
  0.1148390E+01
  0.1146930E+01
  0.1145502E+01
  0.1144077E+01
  0.1142700E+01
  0.1141303E+01
  0.1139924E+01
  0.1138548E+01
  0.1137220E+01
  0.1135908E+01
  0.1134634E+01
  0.1133359E+01
  0.1132205E+01
  0.1130899E+01
  0.1129658E+01
  0.1128398E+01
  0.1127171E+01
  0.1125936E+01
  0.1124732E+01
  0.1123517E+01
  0.1122338E+01
  0.1121141E+01
  0.1119976E+01
  0.1118804E+01
  0.1117671E+01
  0.1116534E+01
  0.1115453E+01
  0.1114356E+01
  0.1113292E+01
  0.1112211E+01
  0.1111144E+01
  0.1110071E+01
  0.1109048E+01
  0.1108022E+01
  0.1107014E+01
  0.1106000E+01
  0.1105011E+01
  0.1104002E+01
  0.1103031E+01
  0.1102041E+01
  0.1101078E+01
  0.1100095E+01
  0.1099141E+01
  0.1098178E+01
  0.1097231E+01
  0.1096289E+01
  0.1095387E+01
  0.1094494E+01
  0.1093624E+01
  0.1092748E+01
  0.1091905E+01
  0.1091061E+01
  0.1090247E+01
  0.1089410E+01
  0.1088635E+01
  0.1087828E+01
  0.1087041E+01
  0.1086241E+01
  0.1085465E+01
  0.1084677E+01
  0.1083905E+01
  0.1083129E+01
  0.1082371E+01
  0.1081603E+01
  0.1080851E+01
  0.1080104E+01
  0.1079373E+01
  0.1078633E+01
  0.1077910E+01
  0.1077192E+01
  0.1076490E+01
  0.1075779E+01
  0.1075087E+01
  0.1074388E+01
  0.1073711E+01
  0.1073025E+01
  0.1072358E+01
  0.1071684E+01
  0.1071034E+01
  0.1070364E+01
  0.1069708E+01
  0.1069048E+01
  0.1068419E+01
  0.1067787E+01
  0.1067169E+01
  0.1066551E+01
  0.1065953E+01
  0.1065344E+01
  0.1064746E+01
  0.1064139E+01
  0.1063544E+01
  0.1062952E+01
  0.1062374E+01
  0.1061791E+01
  0.1061218E+01
  0.1060639E+01
  0.1060082E+01
  0.1059521E+01
  0.1058972E+01
  0.1058411E+01
  0.1057860E+01
  0.1057302E+01
  0.1056760E+01
  0.1056210E+01
  0.1055673E+01
  0.1055130E+01
  0.1054611E+01
  0.1054100E+01
  0.1053602E+01
  0.1053100E+01
  0.1052609E+01
  0.1052118E+01
  0.1051642E+01
  0.1051168E+01
  0.1050712E+01
  0.1050241E+01
  0.1049783E+01
  0.1049314E+01
  0.1048862E+01
  0.1048408E+01
  0.1047961E+01
  0.1047509E+01
  0.1047070E+01
  0.1046625E+01
  0.1046187E+01
  0.1045755E+01
  0.1045328E+01
  0.1044899E+01
  0.1044478E+01
  0.1044051E+01
  0.1043633E+01
  0.1043211E+01
  0.1042807E+01
  0.1042400E+01
  0.1042003E+01
  0.1041602E+01
  0.1041209E+01
  0.1040814E+01
  0.1040429E+01
  0.1040038E+01
  0.1039656E+01
  0.1039274E+01
  0.1038901E+01
  0.1038524E+01
  0.1038157E+01
  0.1037785E+01
  0.1037421E+01
  0.1037052E+01
  0.1036696E+01
  0.1036340E+01
  0.1035995E+01
  0.1035647E+01
  0.1035305E+01
  0.1034961E+01
  0.1034625E+01
  0.1034287E+01
  0.1033957E+01
  0.1033624E+01
  0.1033301E+01
  0.1032977E+01
  0.1032658E+01
  0.1032335E+01
  0.1032021E+01
  0.1031701E+01
  0.1031388E+01
  0.1031070E+01
  0.1030759E+01
  0.1030448E+01
  0.1030144E+01
  0.1029836E+01
  0.1029539E+01
  0.1029241E+01
  0.1028953E+01
  0.1028666E+01
  0.1028388E+01
  0.1028108E+01
  0.1027835E+01
  0.1027560E+01
  0.1027297E+01
  0.1027031E+01
  0.1026767E+01
  0.1026500E+01
  0.1026238E+01
  0.1025975E+01
  0.1025719E+01
  0.1025462E+01
  0.1025208E+01
  0.1024952E+01
  0.1024702E+01
  0.1024451E+01
  0.1024205E+01
  0.1023960E+01
  0.1023715E+01
  0.1023469E+01
  0.1023230E+01
  0.1022990E+01
  0.1022758E+01
  0.1022524E+01
  0.1022294E+01
  0.1022061E+01
  0.1021834E+01
  0.1021605E+01
  0.1021383E+01
  0.1021161E+01
  0.1020942E+01
  0.1020720E+01
  0.1020501E+01
  0.1020284E+01
  0.1020071E+01
  0.1019860E+01
  0.1019654E+01
  0.1019447E+01
  0.1019244E+01
  0.1019038E+01
  0.1018837E+01
  0.1018636E+01
  0.1018439E+01
  0.1018243E+01
  0.1018050E+01
  0.1017858E+01
  0.1017669E+01
  0.1017477E+01
  0.1017289E+01
  0.1017101E+01
  0.1016917E+01
  0.1016735E+01
  0.1016557E+01
