  0.5428611E+02
  0.5428611E+02
  0.2762935E+02
  0.1878121E+02
  0.1431042E+02
  0.1167611E+02
  0.9887089E+01
  0.8610352E+01
  0.7650794E+01
  0.6885313E+01
  0.6334118E+01
  0.5844292E+01
  0.5437861E+01
  0.5092901E+01
  0.4797880E+01
  0.4542718E+01
  0.4317979E+01
  0.4120055E+01
  0.3942235E+01
  0.3798093E+01
  0.3656945E+01
  0.3528806E+01
  0.3411792E+01
  0.3305169E+01
  0.3207416E+01
  0.3117509E+01
  0.3034418E+01
  0.2957227E+01
  0.2885670E+01
  0.2819142E+01
  0.2756538E+01
  0.2698768E+01
  0.2643838E+01
  0.2592638E+01
  0.2544367E+01
  0.2496856E+01
  0.2460898E+01
  0.2420084E+01
  0.2381116E+01
  0.2344382E+01
  0.2309304E+01
  0.2276013E+01
  0.2244398E+01
  0.2214040E+01
  0.2185311E+01
  0.2157441E+01
  0.2131070E+01
  0.2105604E+01
  0.2081252E+01
  0.2057834E+01
  0.2035508E+01
  0.2013560E+01
  0.1992975E+01
  0.1972955E+01
  0.1953480E+01
  0.1934884E+01
  0.1916959E+01
  0.1899486E+01
  0.1882552E+01
  0.1866424E+01
  0.1850729E+01
  0.1835718E+01
  0.1820419E+01
  0.1806406E+01
  0.1792730E+01
  0.1779499E+01
  0.1764815E+01
  0.1753860E+01
  0.1743900E+01
  0.1731808E+01
  0.1720139E+01
  0.1708817E+01
  0.1697807E+01
  0.1687135E+01
  0.1676569E+01
  0.1666374E+01
  0.1656477E+01
  0.1646793E+01
  0.1637307E+01
  0.1628091E+01
  0.1619072E+01
  0.1610232E+01
  0.1601687E+01
  0.1593337E+01
  0.1585000E+01
  0.1576985E+01
  0.1569156E+01
  0.1561543E+01
  0.1553955E+01
  0.1546637E+01
  0.1539369E+01
  0.1532317E+01
  0.1525458E+01
  0.1518661E+01
  0.1512090E+01
  0.1505581E+01
  0.1499203E+01
  0.1492886E+01
  0.1486701E+01
  0.1480789E+01
  0.1474959E+01
  0.1469162E+01
  0.1463482E+01
  0.1457920E+01
  0.1452338E+01
  0.1446863E+01
  0.1441679E+01
  0.1436550E+01
  0.1431498E+01
  0.1426523E+01
  0.1421682E+01
  0.1416774E+01
  0.1411744E+01
  0.1406705E+01
  0.1402352E+01
  0.1398494E+01
  0.1395005E+01
  0.1390666E+01
  0.1386361E+01
  0.1382122E+01
  0.1377929E+01
  0.1373776E+01
  0.1369766E+01
  0.1365815E+01
  0.1361884E+01
  0.1358014E+01
  0.1354187E+01
  0.1350450E+01
  0.1346733E+01
  0.1343065E+01
  0.1339474E+01
  0.1335935E+01
  0.1332433E+01
  0.1329002E+01
  0.1325589E+01
  0.1322192E+01
  0.1318848E+01
  0.1315576E+01
  0.1312345E+01
  0.1309177E+01
  0.1306027E+01
  0.1302871E+01
  0.1299791E+01
  0.1296770E+01
  0.1293756E+01
  0.1290727E+01
  0.1287758E+01
  0.1284853E+01
  0.1281980E+01
  0.1279096E+01
  0.1276280E+01
  0.1273485E+01
  0.1270707E+01
  0.1267931E+01
  0.1265149E+01
  0.1262400E+01
  0.1259634E+01
  0.1256924E+01
  0.1254244E+01
  0.1251605E+01
  0.1248989E+01
  0.1246360E+01
  0.1243715E+01
  0.1241076E+01
  0.1238442E+01
  0.1235832E+01
  0.1233202E+01
  0.1230504E+01
  0.1227785E+01
  0.1225026E+01
  0.1222372E+01
  0.1219841E+01
  0.1217375E+01
  0.1214964E+01
  0.1212501E+01
  0.1210038E+01
  0.1207661E+01
  0.1205071E+01
  0.1202496E+01
  0.1199910E+01
  0.1197334E+01
  0.1194797E+01
  0.1192286E+01
  0.1189780E+01
  0.1187316E+01
  0.1184868E+01
  0.1182457E+01
  0.1180078E+01
  0.1177718E+01
  0.1175396E+01
  0.1173103E+01
  0.1170861E+01
  0.1168651E+01
  0.1166478E+01
  0.1164353E+01
  0.1162262E+01
  0.1160186E+01
  0.1158147E+01
  0.1156178E+01
  0.1154232E+01
  0.1152303E+01
  0.1150394E+01
  0.1148539E+01
  0.1146722E+01
  0.1144941E+01
  0.1143183E+01
  0.1141458E+01
  0.1139769E+01
  0.1138108E+01
  0.1136475E+01
  0.1134868E+01
  0.1133276E+01
  0.1131692E+01
  0.1130152E+01
  0.1128623E+01
  0.1127128E+01
  0.1125671E+01
  0.1124231E+01
  0.1122825E+01
  0.1121428E+01
  0.1120065E+01
  0.1118702E+01
  0.1117376E+01
  0.1116056E+01
  0.1114756E+01
  0.1113486E+01
  0.1112214E+01
  0.1110954E+01
  0.1109684E+01
  0.1108432E+01
  0.1107200E+01
  0.1106023E+01
  0.1104892E+01
  0.1103801E+01
  0.1102746E+01
  0.1101708E+01
  0.1100658E+01
  0.1099617E+01
  0.1098586E+01
  0.1097569E+01
  0.1096572E+01
  0.1095584E+01
  0.1094566E+01
  0.1093558E+01
  0.1092576E+01
  0.1091597E+01
  0.1090627E+01
  0.1089687E+01
  0.1088751E+01
  0.1087818E+01
  0.1086908E+01
  0.1086013E+01
  0.1085121E+01
  0.1084234E+01
  0.1083363E+01
  0.1082497E+01
  0.1081644E+01
  0.1080808E+01
  0.1079995E+01
  0.1079177E+01
  0.1078371E+01
  0.1077574E+01
  0.1076794E+01
  0.1076017E+01
  0.1075244E+01
  0.1074478E+01
  0.1073731E+01
  0.1072992E+01
  0.1072252E+01
  0.1071531E+01
  0.1070820E+01
  0.1070118E+01
  0.1069427E+01
  0.1068735E+01
  0.1068063E+01
  0.1067393E+01
  0.1066729E+01
  0.1066069E+01
  0.1065420E+01
  0.1064784E+01
  0.1064144E+01
  0.1063512E+01
  0.1062895E+01
  0.1062284E+01
  0.1061674E+01
  0.1061087E+01
  0.1060506E+01
  0.1059927E+01
  0.1059359E+01
  0.1058795E+01
  0.1058234E+01
  0.1057678E+01
  0.1057131E+01
  0.1056585E+01
  0.1056043E+01
  0.1055494E+01
  0.1054949E+01
  0.1054400E+01
  0.1053892E+01
  0.1053394E+01
  0.1052908E+01
  0.1052441E+01
  0.1051982E+01
  0.1051509E+01
  0.1051029E+01
  0.1050555E+01
  0.1050078E+01
  0.1049601E+01
  0.1049116E+01
  0.1048641E+01
  0.1048181E+01
  0.1047709E+01
  0.1047237E+01
  0.1046763E+01
  0.1046306E+01
  0.1045848E+01
  0.1045391E+01
  0.1044935E+01
  0.1044483E+01
  0.1044042E+01
  0.1043602E+01
  0.1043166E+01
  0.1042733E+01
  0.1042305E+01
  0.1041885E+01
  0.1041469E+01
  0.1041054E+01
  0.1040640E+01
  0.1040234E+01
  0.1039834E+01
  0.1039433E+01
  0.1039036E+01
  0.1038644E+01
  0.1038255E+01
  0.1037874E+01
  0.1037498E+01
  0.1037121E+01
  0.1036748E+01
  0.1036372E+01
  0.1036006E+01
  0.1035652E+01
  0.1035299E+01
  0.1034946E+01
  0.1034596E+01
  0.1034251E+01
  0.1033908E+01
  0.1033561E+01
  0.1033225E+01
  0.1032888E+01
  0.1032558E+01
  0.1032230E+01
  0.1031909E+01
  0.1031594E+01
  0.1031277E+01
  0.1030967E+01
  0.1030656E+01
  0.1030350E+01
  0.1030045E+01
  0.1029743E+01
  0.1029447E+01
  0.1029151E+01
  0.1028855E+01
  0.1028562E+01
  0.1028275E+01
  0.1027995E+01
  0.1027713E+01
  0.1027431E+01
  0.1027158E+01
  0.1026889E+01
  0.1026623E+01
  0.1026358E+01
  0.1026097E+01
  0.1025840E+01
  0.1025583E+01
  0.1025327E+01
  0.1025065E+01
  0.1024805E+01
  0.1024545E+01
  0.1024289E+01
  0.1024045E+01
  0.1023808E+01
  0.1023580E+01
  0.1023362E+01
  0.1023149E+01
  0.1022931E+01
  0.1022713E+01
  0.1022501E+01
  0.1022286E+01
  0.1022065E+01
  0.1021851E+01
  0.1021635E+01
  0.1021421E+01
  0.1021208E+01
  0.1020995E+01
  0.1020781E+01
  0.1020573E+01
  0.1020368E+01
  0.1020166E+01
  0.1019965E+01
  0.1019765E+01
