  0.5487381E-11
  0.5487381E-11
  0.9650064E-12
  0.3311511E-11
 -0.2760289E-11
  0.2371136E-11
 -0.3108421E-11
  0.1789476E-11
 -0.2951221E-11
  0.1383031E-11
 -0.2708201E-11
  0.1095072E-11
 -0.2450620E-11
  0.8851848E-12
 -0.2215687E-11
  0.7264312E-12
 -0.2003776E-11
  0.6042884E-12
 -0.1810691E-11
  0.5076926E-12
 -0.1636344E-11
  0.4299715E-12
 -0.1481284E-11
  0.3664475E-12
 -0.1337757E-11
  0.3136495E-12
 -0.1208585E-11
  0.2695650E-12
 -0.1091501E-11
  0.2322467E-12
 -0.9845680E-12
  0.2005969E-12
 -0.8873311E-12
  0.1735261E-12
 -0.7983980E-12
  0.1503607E-12
 -0.7170152E-12
  0.1300567E-12
 -0.6427952E-12
  0.1127707E-12
 -0.5749826E-12
  0.9763313E-13
 -0.5131472E-12
  0.8446164E-13
 -0.4571371E-12
  0.7311337E-13
 -0.4058954E-12
  0.6301445E-13
 -0.3599367E-12
  0.5443272E-13
 -0.3183187E-12
  0.4681931E-13
 -0.2809886E-12
  0.4027022E-13
 -0.2470894E-12
  0.3459079E-13
 -0.2165149E-12
  0.2964218E-13
 -0.1894835E-12
  0.2525953E-13
 -0.1653418E-12
  0.2154683E-13
 -0.1437266E-12
  0.1842468E-13
 -0.1247357E-12
  0.1563412E-13
 -0.1079316E-12
  0.1326902E-13
 -0.9296653E-13
  0.1115374E-13
 -0.7991318E-13
  0.9390971E-14
 -0.6844936E-13
  0.7923469E-14
 -0.5852171E-13
  0.6562367E-14
 -0.4979233E-13
  0.5527337E-14
 -0.4232536E-13
  0.4625705E-14
 -0.3586365E-13
  0.3862384E-14
 -0.3014427E-13
  0.3162965E-14
 -0.2539548E-13
  0.2581029E-14
 -0.2123578E-13
  0.2153452E-14
 -0.1776676E-13
  0.1741601E-14
 -0.1477719E-13
  0.1447939E-14
 -0.1228341E-13
  0.1211776E-14
 -0.1017005E-13
  0.9724902E-15
 -0.8372473E-14
  0.7615475E-15
 -0.6918200E-14
  0.6283424E-15
 -0.5646454E-14
  0.4953651E-15
 -0.4607400E-14
  0.4039207E-15
 -0.3759157E-14
  0.3136547E-15
 -0.3049381E-14
  0.2482155E-15
 -0.2460093E-14
  0.1933550E-15
 -0.1983998E-14
  0.1493697E-15
 -0.1598468E-14
  0.1098797E-15
 -0.1280743E-14
  0.9422931E-16
 -0.1021603E-14
  0.6823833E-16
 -0.8139575E-15
  0.4728722E-16
 -0.6465240E-15
  0.3710573E-16
 -0.5130682E-15
  0.2603062E-16
 -0.4052595E-15
  0.1684187E-16
 -0.3181354E-15
  0.1106877E-16
 -0.2509120E-15
  0.8266229E-17
 -0.1975695E-15
  0.4349724E-17
 -0.1536202E-15
  0.1873543E-17
 -0.1212958E-15
 -0.1430311E-17
 -0.9568735E-16
 -0.3211605E-17
 -0.7534499E-16
 -0.3982323E-17
 -0.5883333E-16
 -0.4925104E-17
 -0.4668264E-16
 -0.5166090E-17
 -0.3667579E-16
 -0.5064955E-17
 -0.2904551E-16
 -0.5379191E-17
 -0.2306147E-16
 -0.5334113E-17
 -0.1857366E-16
 -0.5007258E-17
 -0.1569474E-16
 -0.5681529E-17
 -0.1301149E-16
 -0.5386895E-17
 -0.1091958E-16
 -0.5292703E-17
 -0.9266885E-17
 -0.4899034E-17
 -0.7882821E-17
 -0.4778136E-17
 -0.6882774E-17
 -0.4467929E-17
 -0.5998095E-17
 -0.4320447E-17
 -0.5414992E-17
 -0.4133271E-17
 -0.4839868E-17
 -0.3895070E-17
 -0.4332435E-17
 -0.3595606E-17
 -0.3906788E-17
 -0.3837585E-17
 -0.4072660E-17
 -0.3616098E-17
 -0.3718917E-17
 -0.3402293E-17
 -0.3537743E-17
 -0.3307301E-17
 -0.3356220E-17
 -0.3113136E-17
 -0.3107254E-17
 -0.2982664E-17
 -0.2973534E-17
 -0.2813858E-17
 -0.2785394E-17
 -0.2664550E-17
 -0.2674360E-17
 -0.2582864E-17
 -0.2529223E-17
 -0.2416125E-17
 -0.2385801E-17
 -0.2299804E-17
 -0.2242006E-17
 -0.2212359E-17
 -0.2153036E-17
 -0.2203556E-17
 -0.2248781E-17
 -0.2189625E-17
 -0.2149074E-17
 -0.2090202E-17
 -0.2063251E-17
 -0.2016248E-17
 -0.1986817E-17
 -0.1935579E-17
 -0.1870917E-17
 -0.1829953E-17
 -0.1800566E-17
 -0.1777016E-17
 -0.1743867E-17
 -0.1697994E-17
 -0.1639106E-17
 -0.1623237E-17
 -0.1590173E-17
 -0.1567858E-17
 -0.1521194E-17
 -0.1498344E-17
 -0.1446078E-17
 -0.1416038E-17
 -0.1393454E-17
 -0.1381437E-17
 -0.1329382E-17
 -0.1304177E-17
 -0.1271235E-17
 -0.1236283E-17
 -0.1329693E-17
 -0.1311219E-17
 -0.1285996E-17
 -0.1255121E-17
 -0.1231774E-17
 -0.1202314E-17
 -0.1193473E-17
 -0.1162207E-17
 -0.1139846E-17
 -0.1118592E-17
 -0.1099692E-17
 -0.1087375E-17
 -0.1077492E-17
 -0.1045444E-17
 -0.1023075E-17
 -0.9964279E-18
 -0.9854792E-18
 -0.9623201E-18
 -0.9654491E-18
 -0.9430351E-18
 -0.9264690E-18
 -0.8939740E-18
 -0.8736295E-18
 -0.8670718E-18
 -0.8552687E-18
 -0.8494619E-18
 -0.8291093E-18
 -0.7987103E-18
 -0.7883088E-18
 -0.7825563E-18
 -0.7704891E-18
 -0.7531964E-18
 -0.7948227E-18
 -0.7805766E-18
 -0.7568090E-18
 -0.7483694E-18
 -0.7333603E-18
 -0.7310495E-18
 -0.7151613E-18
 -0.7073244E-18
 -0.6924222E-18
 -0.6816873E-18
 -0.6712975E-18
 -0.6628778E-18
 -0.6539275E-18
 -0.6400265E-18
 -0.6234881E-18
 -0.6147313E-18
 -0.6041508E-18
 -0.5969708E-18
 -0.5885986E-18
 -0.5884648E-18
 -0.5743254E-18
 -0.5660470E-18
 -0.5521150E-18
 -0.5471375E-18
 -0.5332740E-18
 -0.5299124E-18
 -0.5206572E-18
 -0.5143361E-18
 -0.5040760E-18
 -0.4978682E-18
 -0.4908574E-18
 -0.4822575E-18
 -0.4705019E-18
 -0.4658154E-18
 -0.4618520E-18
 -0.4545659E-18
 -0.4437779E-18
 -0.4343426E-18
 -0.4598216E-18
 -0.4529982E-18
 -0.4491032E-18
 -0.4395502E-18
 -0.4322392E-18
 -0.4295638E-18
 -0.4215978E-18
 -0.4158675E-18
 -0.4097465E-18
 -0.4028907E-18
 -0.3974182E-18
 -0.3909595E-18
 -0.3865434E-18
 -0.3817413E-18
 -0.3785404E-18
 -0.3733994E-18
 -0.3688636E-18
 -0.3655934E-18
 -0.3590185E-18
 -0.3517347E-18
 -0.3431305E-18
 -0.3390593E-18
 -0.3376263E-18
 -0.3292318E-18
 -0.3267169E-18
 -0.3267592E-18
 -0.3214874E-18
 -0.3216172E-18
 -0.3106500E-18
 -0.3069805E-18
 -0.2985075E-18
 -0.2968565E-18
 -0.2944783E-18
 -0.2917810E-18
 -0.2890033E-18
 -0.2869168E-18
 -0.2828360E-18
 -0.2758145E-18
 -0.2700779E-18
 -0.2682856E-18
 -0.2673904E-18
 -0.2637584E-18
 -0.2612064E-18
 -0.2699610E-18
 -0.2658321E-18
 -0.2631193E-18
 -0.2606046E-18
 -0.2558406E-18
 -0.2530424E-18
 -0.2509592E-18
 -0.2513376E-18
 -0.2480321E-18
 -0.2480612E-18
 -0.2460737E-18
 -0.2456442E-18
 -0.2455264E-18
 -0.2429074E-18
 -0.2417438E-18
 -0.2421824E-18
 -0.2444002E-18
 -0.2468498E-18
 -0.2492904E-18
 -0.2537305E-18
 -0.2583815E-18
 -0.2637830E-18
 -0.2712469E-18
 -0.2794131E-18
 -0.2900498E-18
 -0.3021054E-18
 -0.3160061E-18
 -0.3306683E-18
 -0.3484654E-18
 -0.3671408E-18
 -0.3909984E-18
 -0.4156661E-18
 -0.4449379E-18
 -0.4787392E-18
 -0.5151380E-18
 -0.5552420E-18
 -0.5972992E-18
 -0.6419330E-18
 -0.6913369E-18
 -0.7462568E-18
 -0.8073871E-18
 -0.8707084E-18
 -0.9390289E-18
 -0.1011384E-17
 -0.1087684E-17
 -0.1168315E-17
 -0.1251318E-17
 -0.1340148E-17
 -0.1432616E-17
 -0.1527425E-17
 -0.1635446E-17
 -0.1736770E-17
 -0.1842152E-17
 -0.1948551E-17
 -0.2058535E-17
 -0.2167417E-17
 -0.2277638E-17
 -0.2388626E-17
 -0.2500214E-17
 -0.2609671E-17
 -0.2718794E-17
