 NaN           
  0.2084268E+03
  0.1171288E+03
  0.8114381E+02
  0.6252612E+02
  0.5069004E+02
  0.4263748E+02
  0.3683043E+02
  0.3261578E+02
  0.2919744E+02
  0.2641710E+02
  0.2410480E+02
  0.2222038E+02
  0.2061207E+02
  0.1922397E+02
  0.1808263E+02
  0.1701234E+02
  0.1609101E+02
  0.1525286E+02
  0.1450296E+02
  0.1383403E+02
  0.1321982E+02
  0.1267775E+02
  0.1216337E+02
  0.1169150E+02
  0.1127210E+02
  0.1086655E+02
  0.1051074E+02
  0.1015717E+02
  0.9856058E+01
  0.9553706E+01
  0.9313132E+01
  0.9054328E+01
  0.8805796E+01
  0.8574172E+01
  0.8360525E+01
  0.8154156E+01
  0.7953812E+01
  0.7774466E+01
  0.7598340E+01
  0.7430751E+01
  0.7272432E+01
  0.7120426E+01
  0.6981293E+01
  0.6839389E+01
  0.6706728E+01
  0.6584097E+01
  0.6461118E+01
  0.6344482E+01
  0.6237247E+01
  0.6129437E+01
  0.6024346E+01
  0.5929258E+01
  0.5831179E+01
  0.5742139E+01
  0.5651010E+01
  0.5570072E+01
  0.5485045E+01
  0.5403835E+01
  0.5333212E+01
  0.5271905E+01
  0.5205907E+01
  0.5136648E+01
  0.5069074E+01
  0.5001746E+01
  0.4937353E+01
  0.4879815E+01
  0.4821000E+01
  0.4762257E+01
  0.4705603E+01
  0.4649626E+01
  0.4592737E+01
  0.4544141E+01
  0.4496091E+01
  0.4447688E+01
  0.4399893E+01
  0.4353646E+01
  0.4308208E+01
  0.4261096E+01
  0.4217747E+01
  0.4176801E+01
  0.4137180E+01
  0.4097735E+01
  0.4058880E+01
  0.4020133E+01
  0.3982561E+01
  0.3945863E+01
  0.3909254E+01
  0.3875539E+01
  0.3841470E+01
  0.3808083E+01
  0.3776514E+01
  0.3744306E+01
  0.3712670E+01
  0.3680794E+01
  0.3649903E+01
  0.3621936E+01
  0.3594383E+01
  0.3566435E+01
  0.3538611E+01
  0.3511064E+01
  0.3483775E+01
  0.3457070E+01
  0.3431719E+01
  0.3405687E+01
  0.3380254E+01
  0.3355711E+01
  0.3332399E+01
  0.3309215E+01
  0.3289007E+01
  0.3267653E+01
  0.3246705E+01
  0.3226244E+01
  0.3205461E+01
  0.3184422E+01
  0.3163827E+01
  0.3143780E+01
  0.3127694E+01
  0.3108681E+01
  0.3089632E+01
  0.3070634E+01
  0.3051848E+01
  0.3033261E+01
  0.3014457E+01
  0.2995531E+01
  0.2976960E+01
  0.2960303E+01
  0.2943906E+01
  0.2927300E+01
  0.2910741E+01
  0.2894504E+01
  0.2878467E+01
  0.2862168E+01
  0.2846055E+01
  0.2829836E+01
  0.2813154E+01
  0.2798707E+01
  0.2784715E+01
  0.2770733E+01
  0.2756623E+01
  0.2742715E+01
  0.2729073E+01
  0.2715150E+01
  0.2701140E+01
  0.2687240E+01
  0.2673219E+01
  0.2658761E+01
  0.2644164E+01
  0.2631998E+01
  0.2619961E+01
  0.2607627E+01
  0.2595366E+01
  0.2583281E+01
  0.2571657E+01
  0.2559846E+01
  0.2548152E+01
  0.2536165E+01
  0.2524354E+01
  0.2512928E+01
  0.2501582E+01
  0.2490079E+01
  0.2478234E+01
  0.2467645E+01
  0.2457177E+01
  0.2446413E+01
  0.2435461E+01
  0.2425119E+01
  0.2414617E+01
  0.2404305E+01
  0.2394079E+01
  0.2383609E+01
  0.2373011E+01
  0.2362122E+01
  0.2350970E+01
  0.2341810E+01
  0.2332908E+01
  0.2324126E+01
  0.2315237E+01
  0.2306231E+01
  0.2297397E+01
  0.2288594E+01
  0.2279416E+01
  0.2269889E+01
  0.2261239E+01
  0.2253132E+01
  0.2244856E+01
  0.2236489E+01
  0.2228013E+01
  0.2219513E+01
  0.2210920E+01
  0.2202368E+01
  0.2193970E+01
  0.2185213E+01
  0.2176317E+01
  0.2168267E+01
  0.2160455E+01
  0.2152510E+01
  0.2144593E+01
  0.2136489E+01
  0.2128461E+01
  0.2120313E+01
  0.2112120E+01
  0.2103788E+01
  0.2095326E+01
  0.2086252E+01
  0.2077863E+01
  0.2070165E+01
  0.2062517E+01
  0.2054641E+01
  0.2046769E+01
  0.2038835E+01
  0.2031055E+01
  0.2023214E+01
  0.2015502E+01
  0.2007570E+01
  0.1999681E+01
  0.1991589E+01
  0.1983533E+01
  0.1975648E+01
  0.1968728E+01
  0.1961748E+01
  0.1954818E+01
  0.1947691E+01
  0.1940799E+01
  0.1933886E+01
  0.1927181E+01
  0.1920475E+01
  0.1913860E+01
  0.1907189E+01
  0.1900522E+01
  0.1893612E+01
  0.1886892E+01
  0.1879951E+01
  0.1873068E+01
  0.1866993E+01
  0.1860977E+01
  0.1854956E+01
  0.1849036E+01
  0.1842950E+01
  0.1837035E+01
  0.1831082E+01
  0.1825237E+01
  0.1819235E+01
  0.1813393E+01
  0.1807374E+01
  0.1801393E+01
  0.1795290E+01
  0.1789505E+01
  0.1783451E+01
  0.1777676E+01
  0.1771921E+01
  0.1766368E+01
  0.1760815E+01
  0.1755332E+01
  0.1749740E+01
  0.1744208E+01
  0.1738950E+01
  0.1733849E+01
  0.1728646E+01
  0.1723402E+01
  0.1718166E+01
  0.1713147E+01
  0.1708138E+01
  0.1703292E+01
  0.1698242E+01
  0.1693257E+01
  0.1688450E+01
  0.1683652E+01
  0.1678723E+01
  0.1673869E+01
  0.1668948E+01
  0.1664110E+01
  0.1659279E+01
  0.1654551E+01
  0.1649648E+01
  0.1644781E+01
  0.1640115E+01
  0.1635502E+01
  0.1630803E+01
  0.1626217E+01
  0.1621669E+01
  0.1617162E+01
  0.1612534E+01
  0.1607962E+01
  0.1603309E+01
  0.1598743E+01
  0.1594217E+01
  0.1589971E+01
  0.1585625E+01
  0.1581358E+01
  0.1576975E+01
  0.1572628E+01
  0.1568226E+01
  0.1564021E+01
  0.1559705E+01
  0.1555449E+01
  0.1551105E+01
  0.1546972E+01
  0.1542840E+01
  0.1538753E+01
  0.1534542E+01
  0.1530330E+01
  0.1526166E+01
  0.1522161E+01
  0.1518069E+01
  0.1514078E+01
  0.1510027E+01
  0.1506138E+01
  0.1502259E+01
  0.1498457E+01
  0.1494562E+01
  0.1490688E+01
  0.1486769E+01
  0.1482957E+01
  0.1479093E+01
  0.1475272E+01
  0.1471403E+01
  0.1467665E+01
  0.1463945E+01
  0.1460303E+01
  0.1456612E+01
  0.1453022E+01
  0.1449341E+01
  0.1445695E+01
  0.1441953E+01
  0.1438333E+01
  0.1434600E+01
  0.1430997E+01
  0.1427438E+01
  0.1423894E+01
  0.1420296E+01
  0.1416863E+01
  0.1413385E+01
  0.1409985E+01
  0.1406564E+01
  0.1403233E+01
  0.1399907E+01
  0.1396672E+01
  0.1393355E+01
  0.1390189E+01
  0.1387005E+01
  0.1383904E+01
  0.1380709E+01
  0.1377575E+01
  0.1374501E+01
  0.1371454E+01
  0.1368333E+01
  0.1365278E+01
  0.1362165E+01
  0.1359156E+01
  0.1356067E+01
  0.1353081E+01
  0.1350032E+01
  0.1347075E+01
  0.1344071E+01
  0.1341134E+01
  0.1338145E+01
  0.1335222E+01
  0.1332316E+01
  0.1329455E+01
  0.1326568E+01
  0.1323729E+01
  0.1320893E+01
  0.1318135E+01
  0.1315361E+01
  0.1312644E+01
  0.1309848E+01
  0.1307145E+01
  0.1304398E+01
  0.1301692E+01
  0.1298983E+01
  0.1296334E+01
  0.1293693E+01
  0.1291110E+01
  0.1288497E+01
  0.1285905E+01
  0.1283290E+01
  0.1280795E+01
  0.1278231E+01
  0.1275701E+01
  0.1273130E+01
  0.1270624E+01
  0.1268178E+01
  0.1265810E+01
  0.1263403E+01
  0.1261026E+01
  0.1258596E+01
  0.1256246E+01
  0.1253904E+01
  0.1251587E+01
  0.1249240E+01
  0.1246916E+01
  0.1244565E+01
  0.1242341E+01
  0.1240091E+01
  0.1237891E+01
  0.1235660E+01
  0.1233464E+01
  0.1231246E+01
  0.1229103E+01
