  0.3016752E-01
  0.3016752E-01
  0.1506066E-01
  0.1028841E-01
  0.7757445E-02
  0.6289944E-02
  0.5059700E-02
  0.4308291E-02
  0.3769237E-02
  0.3349494E-02
  0.3015517E-02
  0.2762561E-02
  0.2545216E-02
  0.2364779E-02
  0.2233401E-02
  0.2215773E-02
  0.1814963E-02
  0.1690059E-02
  0.1592819E-02
  0.1509661E-02
  0.1416398E-02
  0.1343587E-02
  0.1277163E-02
  0.1236616E-02
  0.1182021E-02
  0.1149248E-02
  0.1189385E-02
  0.9635111E-03
  0.8889761E-03
  0.8593583E-03
  0.8533992E-03
  0.7847968E-03
  0.7479336E-03
  0.7356849E-03
  0.6983285E-03
  0.6829728E-03
  0.6514493E-03
  0.6539087E-03
  0.6282129E-03
  0.6488855E-03
  0.5619652E-03
  0.5240082E-03
  0.5318882E-03
  0.5154351E-03
  0.4885409E-03
  0.4905077E-03
  0.4582521E-03
  0.4498611E-03
  0.4447187E-03
  0.4285541E-03
  0.4262493E-03
  0.4115959E-03
  0.4222028E-03
  0.3888217E-03
  0.3925743E-03
  0.3819160E-03
  0.3758666E-03
  0.3647945E-03
  0.3498325E-03
  0.3474491E-03
  0.3358678E-03
  0.3271837E-03
  0.3281393E-03
  0.3319795E-03
  0.3177261E-03
  0.3148805E-03
  0.3175672E-03
  0.3022367E-03
  0.2852883E-03
  0.2884713E-03
  0.2712443E-03
  0.2795313E-03
  0.2677426E-03
  0.2694559E-03
  0.2612016E-03
  0.2593783E-03
  0.2516721E-03
  0.2466047E-03
  0.2444908E-03
  0.2316659E-03
  0.2341824E-03
  0.2356609E-03
  0.2341867E-03
  0.2291940E-03
  0.2301137E-03
  0.2178447E-03
  0.2169233E-03
  0.2202784E-03
  0.2039272E-03
  0.2098524E-03
  0.1972259E-03
  0.2039033E-03
  0.1966323E-03
  0.1746571E-03
  0.1877606E-03
  0.1922446E-03
  0.1919196E-03
  0.1852275E-03
  0.1846671E-03
  0.1765473E-03
  0.1732980E-03
  0.1772059E-03
  0.1653207E-03
  0.1719396E-03
  0.1678198E-03
  0.1651215E-03
  0.1664247E-03
  0.1606797E-03
  0.1595529E-03
  0.1494917E-03
  0.1469747E-03
  0.1504767E-03
  0.1421318E-03
  0.1454750E-03
  0.1532217E-03
  0.1438604E-03
  0.1438770E-03
  0.1400987E-03
  0.1370723E-03
  0.1346238E-03
  0.1313882E-03
  0.1338840E-03
  0.1301736E-03
  0.1342276E-03
  0.1265611E-03
  0.1269516E-03
  0.1272762E-03
  0.1225029E-03
  0.1247766E-03
  0.1147889E-03
  0.1201113E-03
  0.1123610E-03
  0.1203091E-03
  0.1138660E-03
  0.1047786E-03
  0.1099449E-03
  0.1092494E-03
  0.1065787E-03
  0.1099878E-03
  0.1080349E-03
  0.1039766E-03
  0.1043222E-03
  0.1069684E-03
  0.9962020E-04
  0.9849734E-04
  0.1014706E-03
  0.9743027E-04
  0.9819425E-04
  0.9764778E-04
  0.9449195E-04
  0.9794789E-04
  0.9377061E-04
  0.9146184E-04
  0.8605792E-04
  0.8939439E-04
  0.9241515E-04
  0.8650425E-04
  0.8929926E-04
  0.8775420E-04
  0.8658179E-04
  0.8658994E-04
  0.8727281E-04
  0.8298468E-04
  0.8361176E-04
  0.8687221E-04
  0.8312066E-04
  0.8500367E-04
  0.8259936E-04
  0.7966244E-04
  0.7850120E-04
  0.7550838E-04
  0.7043286E-04
  0.7855742E-04
  0.8391529E-04
  0.8449550E-04
  0.7963175E-04
  0.7892622E-04
  0.7703684E-04
  0.7544642E-04
  0.7597565E-04
  0.7551396E-04
  0.7423869E-04
  0.7209926E-04
  0.7134928E-04
  0.6872444E-04
  0.7162434E-04
  0.7039181E-04
  0.7027495E-04
  0.6828096E-04
  0.6682763E-04
  0.6665356E-04
  0.6639928E-04
  0.6505424E-04
  0.6353205E-04
  0.6203113E-04
  0.6102314E-04
  0.5914665E-04
  0.6055613E-04
  0.5999667E-04
  0.5877682E-04
  0.5834155E-04
  0.5752357E-04
  0.5656160E-04
  0.5615238E-04
  0.5541484E-04
  0.5468232E-04
  0.5418365E-04
  0.5389937E-04
  0.5345644E-04
  0.5295716E-04
  0.5258469E-04
  0.5222065E-04
  0.5205224E-04
  0.5184442E-04
  0.5181557E-04
  0.5199030E-04
  0.5235146E-04
  0.5340048E-04
  0.5576264E-04
  0.5899741E-04
  0.5279334E-04
  0.4990889E-04
  0.4781344E-04
  0.4631058E-04
  0.4465654E-04
  0.4335694E-04
  0.4203644E-04
  0.4125974E-04
  0.4035681E-04
  0.3918601E-04
  0.3787866E-04
  0.3662775E-04
  0.3654746E-04
  0.3525671E-04
  0.3409792E-04
  0.3374595E-04
  0.3266077E-04
  0.3185495E-04
  0.3217077E-04
  0.3016029E-04
  0.2962549E-04
  0.2963691E-04
  0.2924350E-04
  0.2745620E-04
  0.2678464E-04
  0.2637181E-04
  0.2603394E-04
  0.2576178E-04
  0.2553497E-04
  0.2522276E-04
  0.2480320E-04
  0.2425524E-04
  0.2373665E-04
  0.2326434E-04
  0.2279174E-04
  0.2219233E-04
  0.2151494E-04
  0.2076788E-04
  0.2006343E-04
  0.1939833E-04
  0.1877979E-04
  0.1822369E-04
  0.1775423E-04
  0.1749562E-04
  0.1822062E-04
  0.1770209E-04
  0.1676712E-04
  0.1609781E-04
  0.1556774E-04
  0.1535908E-04
  0.1629868E-04
  0.1518318E-04
  0.1445149E-04
  0.1397110E-04
  0.1407333E-04
  0.1428156E-04
  0.1338614E-04
  0.1286051E-04
  0.1286814E-04
  0.1311432E-04
  0.1224590E-04
  0.1179587E-04
  0.1252829E-04
  0.1179072E-04
  0.1115368E-04
  0.1092977E-04
  0.1138418E-04
  0.1056416E-04
  0.1018073E-04
  0.1093508E-04
  0.1000400E-04
  0.9577050E-05
  0.1039314E-04
  0.9439404E-05
  0.9018094E-05
  0.9751632E-05
  0.8836335E-05
  0.8504404E-05
  0.9010935E-05
  0.8291870E-05
  0.8066103E-05
  0.8278597E-05
  0.7752626E-05
  0.8004970E-05
  0.7650983E-05
  0.7264568E-05
  0.7789417E-05
  0.7091424E-05
  0.6917286E-05
  0.6997508E-05
  0.6596398E-05
  0.7169576E-05
  0.6454134E-05
  0.6260447E-05
  0.6363073E-05
  0.5985388E-05
  0.6432781E-05
  0.5834660E-05
  0.5835806E-05
  0.5738465E-05
  0.5455887E-05
  0.5657111E-05
  0.5278414E-05
  0.5741024E-05
  0.5137127E-05
  0.5108146E-05
  0.5014808E-05
  0.4808663E-05
  0.4938169E-05
  0.4630311E-05
  0.4897987E-05
  0.4482636E-05
  0.4899855E-05
  0.4361099E-05
  0.4369298E-05
  0.4247501E-05
  0.4092382E-05
  0.4139182E-05
  0.3946808E-05
  0.4041986E-05
  0.3824549E-05
  0.3970514E-05
  0.3711268E-05
  0.3909134E-05
  0.3583476E-05
  0.3839317E-05
  0.3472475E-05
  0.3761085E-05
  0.3375035E-05
  0.3500514E-05
  0.3266115E-05
  0.3285584E-05
  0.3171920E-05
  0.3114136E-05
  0.3081059E-05
  0.3002842E-05
  0.2973545E-05
  0.2896710E-05
  0.2883888E-05
  0.2796006E-05
  0.2782433E-05
  0.2698893E-05
  0.2694717E-05
  0.2618525E-05
  0.2610429E-05
  0.2544785E-05
  0.2531034E-05
  0.2473695E-05
  0.2449892E-05
  0.2409209E-05
  0.2378333E-05
  0.2354651E-05
  0.2302718E-05
  0.2321391E-05
  0.2225779E-05
  0.2326745E-05
  0.2160718E-05
  0.2294739E-05
  0.2090640E-05
  0.2195823E-05
  0.2025498E-05
  0.2092237E-05
  0.1970075E-05
  0.2011653E-05
  0.1909943E-05
  0.1936502E-05
  0.1855166E-05
  0.1874312E-05
  0.1797496E-05
  0.1808942E-05
  0.1760248E-05
  0.1743048E-05
  0.1726050E-05
  0.1694956E-05
  0.1772869E-05
  0.1643986E-05
  0.1696243E-05
  0.1594781E-05
  0.1617710E-05
  0.1544066E-05
