 NaN           
  0.2016174E-01
  0.5545644E-02
  0.2530065E-02
  0.1432228E-02
  0.9094421E-03
  0.6235705E-03
  0.4540232E-03
  0.3502481E-03
  0.2772293E-03
  0.2278310E-03
  0.1901248E-03
  0.1628708E-03
  0.1412727E-03
  0.1227857E-03
  0.1084895E-03
  0.9712508E-04
  0.8704035E-04
  0.7837784E-04
  0.7040656E-04
  0.6628210E-04
  0.5969492E-04
  0.5561710E-04
  0.5044759E-04
  0.4796571E-04
  0.3992763E-04
  0.3966450E-04
  0.3797416E-04
  0.3954948E-04
  0.2996947E-04
  0.3511820E-04
  0.2619271E-04
  0.3211388E-04
  0.2319596E-04
  0.2979397E-04
  0.1959597E-04
  0.3068633E-04
  0.1653154E-04
  0.2734245E-04
  0.1442085E-04
  0.3129413E-04
  0.1160018E-04
  0.2342368E-04
  0.8910784E-05
  0.2555246E-04
  0.5690458E-05
  0.2641842E-04
  0.2239600E-06
  0.2788374E-04
  0.5291161E-05
  0.2745654E-04
 -0.5773077E-06
  0.2659069E-04
  0.3241982E-06
  0.2999402E-04
 -0.3774338E-05
  0.2579169E-04
 -0.3541679E-05
  0.2558217E-04
 -0.6343113E-05
  0.2995533E-04
 -0.9518475E-05
  0.2610752E-04
 -0.5713597E-05
  0.3193793E-04
 -0.5660272E-05
  0.3006037E-04
 -0.9888261E-05
  0.3148897E-04
 -0.1115518E-04
  0.2547130E-04
 -0.9863470E-05
  0.2967606E-04
 -0.1340088E-04
  0.3389904E-04
 -0.1419652E-04
  0.2901142E-04
 -0.1291748E-04
  0.3182399E-04
 -0.1466766E-04
  0.3275511E-04
 -0.1224344E-04
  0.2967067E-04
 -0.1293264E-04
  0.3232490E-04
 -0.1508476E-04
  0.3055687E-04
 -0.1458918E-04
  0.2864503E-04
 -0.1625050E-04
  0.3349454E-04
 -0.1607320E-04
  0.3199467E-04
 -0.1663686E-04
  0.2873667E-04
 -0.1570248E-04
  0.3527631E-04
 -0.1822658E-04
  0.3262704E-04
 -0.1944656E-04
  0.3293242E-04
 -0.1792402E-04
  0.3322710E-04
 -0.1812558E-04
  0.3213082E-04
 -0.1851710E-04
  0.2919654E-04
 -0.1677346E-04
  0.3637811E-04
 -0.1774225E-04
  0.3513960E-04
 -0.1878216E-04
  0.3336825E-04
 -0.1875057E-04
  0.3423002E-04
 -0.2011114E-04
  0.3536797E-04
 -0.1887828E-04
  0.3567563E-04
 -0.1949929E-04
  0.3616422E-04
 -0.1965655E-04
  0.3566090E-04
 -0.2222627E-04
  0.3348300E-04
 -0.1561683E-04
  0.3596356E-04
 -0.1935460E-04
  0.3487072E-04
 -0.1616035E-04
  0.3583987E-04
 -0.2049563E-04
  0.3474854E-04
 -0.2035270E-04
  0.3507837E-04
 -0.2064238E-04
  0.3656639E-04
 -0.2030291E-04
  0.3612816E-04
 -0.1896273E-04
  0.3477883E-04
 -0.1805483E-04
  0.3600694E-04
 -0.1861540E-04
  0.3618551E-04
 -0.1861887E-04
  0.3843791E-04
 -0.1805541E-04
  0.3569750E-04
 -0.1903055E-04
  0.3378494E-04
 -0.1828358E-04
  0.3430907E-04
 -0.1768713E-04
  0.3633348E-04
 -0.1680418E-04
  0.3770820E-04
 -0.1956495E-04
  0.3812438E-04
 -0.1852522E-04
  0.3666335E-04
 -0.1663722E-04
  0.3765626E-04
 -0.1661041E-04
  0.3706251E-04
 -0.1514717E-04
  0.3716026E-04
 -0.1609820E-04
  0.3706694E-04
 -0.1606273E-04
  0.3639124E-04
 -0.1552336E-04
  0.3774396E-04
 -0.1697235E-04
  0.3829264E-04
 -0.1690909E-04
  0.3755393E-04
 -0.1608642E-04
  0.3624460E-04
 -0.1521306E-04
  0.3698385E-04
 -0.1658352E-04
  0.3619293E-04
 -0.1728333E-04
  0.3618572E-04
 -0.1643216E-04
  0.3589319E-04
 -0.1454392E-04
  0.3561789E-04
 -0.1561460E-04
  0.3294418E-04
 -0.1575586E-04
  0.3223401E-04
 -0.1371919E-04
  0.2961906E-04
 -0.1493558E-04
  0.2767778E-04
 -0.1312437E-04
  0.2567683E-04
 -0.1340295E-04
  0.2431278E-04
 -0.1301211E-04
  0.2182624E-04
 -0.1323268E-04
  0.1997609E-04
 -0.1301878E-04
  0.2071231E-04
 -0.1286916E-04
  0.2229085E-04
 -0.1284908E-04
  0.2523631E-04
 -0.1272427E-04
  0.2790146E-04
 -0.1313194E-04
  0.3057687E-04
 -0.1277536E-04
  0.3314426E-04
 -0.1267821E-04
  0.3501190E-04
 -0.1249357E-04
  0.3660702E-04
 -0.1217249E-04
  0.3762452E-04
 -0.1210709E-04
  0.3811053E-04
 -0.1234673E-04
  0.3824220E-04
 -0.1253352E-04
  0.3851738E-04
 -0.1238346E-04
  0.3866868E-04
 -0.1217713E-04
  0.3887655E-04
 -0.1182924E-04
  0.3902653E-04
 -0.1137518E-04
  0.3937259E-04
 -0.1103838E-04
  0.3964390E-04
 -0.1083193E-04
  0.3950905E-04
 -0.1068156E-04
  0.3942305E-04
 -0.1054717E-04
  0.3952797E-04
 -0.1027805E-04
  0.3961559E-04
 -0.9755458E-05
  0.3990952E-04
 -0.9503883E-05
  0.3981469E-04
 -0.9315863E-05
  0.3963582E-04
 -0.9140015E-05
  0.3990183E-04
 -0.8637838E-05
  0.4004784E-04
 -0.8549177E-05
  0.3993213E-04
 -0.8207828E-05
  0.4000703E-04
 -0.8045681E-05
  0.4000127E-04
 -0.7819471E-05
  0.3963905E-04
 -0.7775026E-05
  0.3929913E-04
 -0.7714567E-05
  0.3930425E-04
 -0.7228434E-05
  0.3923199E-04
 -0.7139578E-05
  0.3928578E-04
 -0.6656810E-05
  0.3915424E-04
 -0.6444923E-05
  0.3933404E-04
 -0.6092400E-05
  0.3908061E-04
 -0.5822280E-05
  0.3913734E-04
 -0.5632974E-05
  0.3900485E-04
 -0.5255847E-05
  0.3874208E-04
 -0.5088825E-05
  0.3883356E-04
 -0.4932410E-05
  0.3862914E-04
 -0.4563457E-05
  0.3839490E-04
 -0.4163099E-05
  0.3850192E-04
 -0.3870699E-05
  0.3848088E-04
 -0.3697157E-05
  0.3821934E-04
 -0.3472237E-05
  0.3802167E-04
 -0.3134414E-05
  0.3792895E-04
 -0.2861269E-05
  0.3779498E-04
 -0.2623020E-05
  0.3752813E-04
 -0.2466529E-05
  0.3723338E-04
 -0.2361346E-05
  0.3684067E-04
 -0.2327611E-05
  0.3642779E-04
 -0.2284610E-05
  0.3607820E-04
 -0.2159023E-05
  0.3581898E-04
 -0.2003959E-05
  0.3550577E-04
 -0.1747346E-05
  0.3528849E-04
 -0.1504687E-05
  0.3504671E-04
 -0.1291947E-05
  0.3474116E-04
 -0.1056368E-05
  0.3446871E-04
 -0.8336106E-06
  0.3432049E-04
 -0.6480442E-06
  0.3414852E-04
 -0.3129026E-06
  0.3386820E-04
 -0.1141867E-07
  0.3369970E-04
  0.4164307E-06
  0.3348760E-04
  0.6823585E-06
  0.3326763E-04
  0.8255320E-06
  0.3296262E-04
  0.1069347E-05
  0.3291602E-04
  0.1215387E-05
  0.3272229E-04
  0.1610881E-05
  0.3237079E-04
  0.1762226E-05
  0.3222006E-04
  0.1894840E-05
  0.3206026E-04
  0.1991569E-05
  0.3153017E-04
  0.2221740E-05
  0.3128642E-04
  0.2502294E-05
  0.3096347E-04
  0.2384958E-05
  0.3044737E-04
  0.2647226E-05
  0.3017261E-04
  0.2837668E-05
  0.2983632E-04
  0.2871856E-05
  0.2945904E-04
  0.3189815E-05
  0.2918459E-04
  0.3394476E-05
  0.2895101E-04
  0.3560377E-05
  0.2859384E-04
  0.3785818E-05
  0.2843525E-04
  0.3997178E-05
  0.2794124E-04
  0.4254764E-05
  0.2788964E-04
  0.4463478E-05
  0.2747680E-04
  0.4666152E-05
  0.2717900E-04
  0.4832575E-05
  0.2691637E-04
  0.5096826E-05
  0.2667562E-04
  0.5276871E-05
  0.2642686E-04
  0.5379682E-05
  0.2607281E-04
  0.5702134E-05
  0.2584653E-04
  0.5904959E-05
  0.2551232E-04
  0.5883093E-05
  0.2523574E-04
  0.6181689E-05
  0.2486718E-04
  0.6189407E-05
  0.2456851E-04
  0.6337311E-05
  0.2429669E-04
  0.6534211E-05
