 NaN           
  0.2032576E-01
  0.5525918E-02
  0.2520593E-02
  0.1423082E-02
  0.9067710E-03
  0.6247913E-03
  0.4554945E-03
  0.3504089E-03
  0.2777394E-03
  0.2271542E-03
  0.1910682E-03
  0.1625076E-03
  0.1399886E-03
  0.1226767E-03
  0.1086494E-03
  0.9675651E-04
  0.8593337E-04
  0.7943226E-04
  0.7048128E-04
  0.6531677E-04
  0.5893669E-04
  0.5484964E-04
  0.5032508E-04
  0.4609098E-04
  0.4011690E-04
  0.3919691E-04
  0.3779742E-04
  0.3940324E-04
  0.2939691E-04
  0.3362214E-04
  0.2691112E-04
  0.3162720E-04
  0.2300211E-04
  0.2807928E-04
  0.2013757E-04
  0.3032895E-04
  0.1719708E-04
  0.2619707E-04
  0.1557023E-04
  0.2960884E-04
  0.1271478E-04
  0.2172658E-04
  0.1047660E-04
  0.2404255E-04
  0.7029940E-05
  0.2458913E-04
  0.1839190E-05
  0.2532990E-04
  0.6547703E-05
  0.2498849E-04
  0.8932914E-06
  0.2402091E-04
  0.1959236E-05
  0.2746363E-04
 -0.1478815E-05
  0.2259179E-04
 -0.1313085E-05
  0.2290334E-04
 -0.3739858E-05
  0.2720921E-04
 -0.7545643E-05
  0.2274457E-04
 -0.3536835E-05
  0.2857654E-04
 -0.2726780E-05
  0.2744565E-04
 -0.6857612E-05
  0.2721279E-04
 -0.8987688E-05
  0.2272665E-04
 -0.7229670E-05
  0.2660484E-04
 -0.1016943E-04
  0.2947129E-04
 -0.1137088E-04
  0.2512175E-04
 -0.9698647E-05
  0.2853081E-04
 -0.1170654E-04
  0.2920073E-04
 -0.9045527E-05
  0.2623951E-04
 -0.9658296E-05
  0.2874985E-04
 -0.1209219E-04
  0.2686169E-04
 -0.1105908E-04
  0.2477618E-04
 -0.1323088E-04
  0.2964119E-04
 -0.1319331E-04
  0.2843660E-04
 -0.1379974E-04
  0.2503013E-04
 -0.1284549E-04
  0.3149466E-04
 -0.1554063E-04
  0.2896004E-04
 -0.1671062E-04
  0.2930029E-04
 -0.1500388E-04
  0.2936730E-04
 -0.1462889E-04
  0.2750803E-04
 -0.1483397E-04
  0.2520082E-04
 -0.1416485E-04
  0.3291169E-04
 -0.1446950E-04
  0.3041953E-04
 -0.1505215E-04
  0.2959199E-04
 -0.1627705E-04
  0.3030452E-04
 -0.1626312E-04
  0.3101215E-04
 -0.1649184E-04
  0.3202407E-04
 -0.1563267E-04
  0.3176538E-04
 -0.1736191E-04
  0.3146768E-04
 -0.1816424E-04
  0.3015356E-04
 -0.1319710E-04
  0.3087855E-04
 -0.1678370E-04
  0.3198985E-04
 -0.1209011E-04
  0.3144248E-04
 -0.1812150E-04
  0.2991325E-04
 -0.1746283E-04
  0.3219794E-04
 -0.1718098E-04
  0.3259353E-04
 -0.1746966E-04
  0.3169126E-04
 -0.1617225E-04
  0.3113973E-04
 -0.1485663E-04
  0.3252084E-04
 -0.1551465E-04
  0.3251452E-04
 -0.1593428E-04
  0.3388244E-04
 -0.1501879E-04
  0.3194989E-04
 -0.1597436E-04
  0.3013859E-04
 -0.1563017E-04
  0.3104228E-04
 -0.1451943E-04
  0.3299930E-04
 -0.1425118E-04
  0.3387652E-04
 -0.1661303E-04
  0.3503534E-04
 -0.1543683E-04
  0.3319635E-04
 -0.1419622E-04
  0.3418729E-04
 -0.1371517E-04
  0.3408180E-04
 -0.1217000E-04
  0.3416266E-04
 -0.1362604E-04
  0.3365941E-04
 -0.1358661E-04
  0.3338287E-04
 -0.1261468E-04
  0.3499883E-04
 -0.1428166E-04
  0.3530013E-04
 -0.1452411E-04
  0.3454475E-04
 -0.1389289E-04
  0.3346374E-04
 -0.1243890E-04
  0.3467775E-04
 -0.1382424E-04
  0.3351904E-04
 -0.1498938E-04
  0.3351425E-04
 -0.1415054E-04
  0.3325161E-04
 -0.1244596E-04
  0.3302551E-04
 -0.1310564E-04
  0.3107143E-04
 -0.1285946E-04
  0.3040007E-04
 -0.1131640E-04
  0.2733040E-04
 -0.1291161E-04
  0.2536635E-04
 -0.1089773E-04
  0.2367113E-04
 -0.1118159E-04
  0.2218137E-04
 -0.1099392E-04
  0.1991579E-04
 -0.1081228E-04
  0.1868369E-04
 -0.1017064E-04
  0.1968153E-04
 -0.1014948E-04
  0.2099542E-04
 -0.1070554E-04
  0.2357633E-04
 -0.1089927E-04
  0.2628823E-04
 -0.1114448E-04
  0.2933207E-04
 -0.1054488E-04
  0.3194099E-04
 -0.1070923E-04
  0.3382143E-04
 -0.1056694E-04
  0.3550745E-04
 -0.1017700E-04
  0.3670510E-04
 -0.1005870E-04
  0.3764534E-04
 -0.9827960E-05
  0.3840498E-04
 -0.9588756E-05
  0.3893181E-04
 -0.9678715E-05
  0.3897291E-04
 -0.9810899E-05
  0.3893513E-04
 -0.9737857E-05
  0.3887982E-04
 -0.9570087E-05
  0.3907559E-04
 -0.9548230E-05
  0.3935276E-04
 -0.9293068E-05
  0.3944752E-04
 -0.8878198E-05
  0.3982504E-04
 -0.8581971E-05
  0.4013455E-04
 -0.8408582E-05
  0.4009404E-04
 -0.8124208E-05
  0.4034775E-04
 -0.8012696E-05
  0.4036587E-04
 -0.7746601E-05
  0.4035421E-04
 -0.7431428E-05
  0.4088967E-04
 -0.6902051E-05
  0.4101427E-04
 -0.6930554E-05
  0.4097186E-04
 -0.6605697E-05
  0.4119439E-04
 -0.6385490E-05
  0.4141894E-04
 -0.6090998E-05
  0.4147722E-04
 -0.5809574E-05
  0.4165590E-04
 -0.5656311E-05
  0.4182257E-04
 -0.5277809E-05
  0.4158202E-04
 -0.5527094E-05
  0.4145610E-04
 -0.5198194E-05
  0.4124742E-04
 -0.5170651E-05
  0.4156461E-04
 -0.4838114E-05
  0.4132445E-04
 -0.4629740E-05
  0.4150214E-04
 -0.4403281E-05
  0.4164872E-04
 -0.3861728E-05
  0.4157112E-04
 -0.3687909E-05
  0.4185047E-04
 -0.3565443E-05
  0.4167642E-04
 -0.3296946E-05
  0.4143076E-04
 -0.3012979E-05
  0.4164015E-04
 -0.2789285E-05
  0.4169435E-04
 -0.2590555E-05
  0.4160064E-04
 -0.2353856E-05
  0.4152600E-04
 -0.2016538E-05
  0.4153443E-04
 -0.1676091E-05
  0.4159241E-04
 -0.1397085E-05
  0.4155172E-04
 -0.1152789E-05
  0.4145135E-04
 -0.9498000E-06
  0.4124137E-04
 -0.8150745E-06
  0.4106109E-04
 -0.6503753E-06
  0.4091015E-04
 -0.5139318E-06
  0.4071722E-04
 -0.3736704E-06
  0.4047233E-04
 -0.2331123E-06
  0.4020115E-04
 -0.1522180E-06
  0.3985572E-04
 -0.7677127E-07
  0.3947963E-04
  0.7792723E-07
  0.3919191E-04
  0.1199583E-06
  0.3901584E-04
  0.1678751E-06
  0.3880608E-04
  0.4030829E-06
  0.3853955E-04
  0.7144089E-06
  0.3843870E-04
  0.1165691E-05
  0.3826005E-04
  0.1303715E-05
  0.3800663E-04
  0.1404635E-05
  0.3764633E-04
  0.1623212E-05
  0.3754835E-04
  0.1714020E-05
  0.3736243E-04
  0.2221704E-05
  0.3702708E-04
  0.2446115E-05
  0.3691234E-04
  0.2695467E-05
  0.3684604E-04
  0.2906609E-05
  0.3640657E-04
  0.3203663E-05
  0.3636292E-04
  0.3605207E-05
  0.3620747E-04
  0.3419090E-05
  0.3581161E-04
  0.3779221E-05
  0.3570682E-04
  0.3972557E-05
  0.3546021E-04
  0.3956774E-05
  0.3505329E-04
  0.4233650E-05
  0.3477243E-04
  0.4336600E-05
  0.3444971E-04
  0.4405535E-05
  0.3396139E-04
  0.4515574E-05
  0.3376057E-04
  0.4663140E-05
  0.3310568E-04
  0.4831675E-05
  0.3305795E-04
  0.5041879E-05
  0.3257307E-04
  0.5208157E-05
  0.3226774E-04
  0.5384049E-05
  0.3195154E-04
  0.5645960E-05
  0.3169329E-04
  0.5823310E-05
  0.3142572E-04
  0.5893882E-05
  0.3102579E-04
  0.6280829E-05
  0.3080959E-04
  0.6552074E-05
  0.3048157E-04
  0.6493498E-05
  0.3019973E-04
  0.6898505E-05
  0.2983145E-04
  0.6903243E-05
  0.2955937E-04
  0.7101175E-05
  0.2927794E-04
  0.7384450E-05
