 NaN           
  0.2256515E+03
  0.1259622E+03
  0.8713602E+02
  0.6690425E+02
  0.5419278E+02
  0.4561009E+02
  0.3932508E+02
  0.3481498E+02
  0.3113584E+02
  0.2814633E+02
  0.2572338E+02
  0.2366481E+02
  0.2193603E+02
  0.2045709E+02
  0.1916326E+02
  0.1803263E+02
  0.1712488E+02
  0.1623203E+02
  0.1542916E+02
  0.1471707E+02
  0.1405624E+02
  0.1346421E+02
  0.1292064E+02
  0.1243143E+02
  0.1196835E+02
  0.1154303E+02
  0.1115907E+02
  0.1078432E+02
  0.1045612E+02
  0.1013154E+02
  0.9842795E+01
  0.9562990E+01
  0.9332874E+01
  0.9095716E+01
  0.8864011E+01
  0.8636560E+01
  0.8432434E+01
  0.8238518E+01
  0.8050982E+01
  0.7866099E+01
  0.7702831E+01
  0.7542883E+01
  0.7388224E+01
  0.7241449E+01
  0.7100565E+01
  0.6966894E+01
  0.6839822E+01
  0.6713566E+01
  0.6596287E+01
  0.6484376E+01
  0.6374176E+01
  0.6267371E+01
  0.6168930E+01
  0.6071558E+01
  0.5974801E+01
  0.5885054E+01
  0.5798337E+01
  0.5716415E+01
  0.5632550E+01
  0.5553679E+01
  0.5473677E+01
  0.5401201E+01
  0.5336713E+01
  0.5270268E+01
  0.5214654E+01
  0.5150497E+01
  0.5087968E+01
  0.5026770E+01
  0.4964631E+01
  0.4905782E+01
  0.4851711E+01
  0.4796512E+01
  0.4743344E+01
  0.4691145E+01
  0.4639246E+01
  0.4586289E+01
  0.4540188E+01
  0.4495683E+01
  0.4451505E+01
  0.4407398E+01
  0.4364177E+01
  0.4320786E+01
  0.4276818E+01
  0.4233120E+01
  0.4195011E+01
  0.4158185E+01
  0.4121553E+01
  0.4085162E+01
  0.4049461E+01
  0.4013217E+01
  0.3978294E+01
  0.3943342E+01
  0.3909064E+01
  0.3877891E+01
  0.3846076E+01
  0.3815144E+01
  0.3785428E+01
  0.3755497E+01
  0.3725762E+01
  0.3696398E+01
  0.3666427E+01
  0.3639350E+01
  0.3614025E+01
  0.3588057E+01
  0.3562037E+01
  0.3536268E+01
  0.3509784E+01
  0.3483656E+01
  0.3459777E+01
  0.3435756E+01
  0.3411527E+01
  0.3387688E+01
  0.3364980E+01
  0.3342932E+01
  0.3322313E+01
  0.3302607E+01
  0.3282949E+01
  0.3263468E+01
  0.3243831E+01
  0.3223872E+01
  0.3203645E+01
  0.3183474E+01
  0.3164533E+01
  0.3147200E+01
  0.3131541E+01
  0.3114859E+01
  0.3096975E+01
  0.3079053E+01
  0.3061482E+01
  0.3043389E+01
  0.3024673E+01
  0.3007218E+01
  0.2991530E+01
  0.2975956E+01
  0.2960424E+01
  0.2944683E+01
  0.2929177E+01
  0.2913849E+01
  0.2898332E+01
  0.2882757E+01
  0.2866974E+01
  0.2850212E+01
  0.2836518E+01
  0.2823080E+01
  0.2809688E+01
  0.2796124E+01
  0.2782728E+01
  0.2769522E+01
  0.2756347E+01
  0.2742808E+01
  0.2729356E+01
  0.2715748E+01
  0.2701674E+01
  0.2686631E+01
  0.2674619E+01
  0.2663168E+01
  0.2651694E+01
  0.2639878E+01
  0.2628184E+01
  0.2616596E+01
  0.2605247E+01
  0.2593931E+01
  0.2582715E+01
  0.2571175E+01
  0.2559990E+01
  0.2548681E+01
  0.2536967E+01
  0.2524873E+01
  0.2513562E+01
  0.2503380E+01
  0.2493390E+01
  0.2483201E+01
  0.2473107E+01
  0.2463242E+01
  0.2453362E+01
  0.2443368E+01
  0.2433572E+01
  0.2423565E+01
  0.2413429E+01
  0.2402780E+01
  0.2391858E+01
  0.2381275E+01
  0.2372009E+01
  0.2363462E+01
  0.2355045E+01
  0.2346462E+01
  0.2337708E+01
  0.2328595E+01
  0.2319424E+01
  0.2310519E+01
  0.2301915E+01
  0.2293396E+01
  0.2285193E+01
  0.2276762E+01
  0.2268710E+01
  0.2260446E+01
  0.2252063E+01
  0.2243348E+01
  0.2234424E+01
  0.2225370E+01
  0.2216473E+01
  0.2207671E+01
  0.2199216E+01
  0.2191154E+01
  0.2182944E+01
  0.2174575E+01
  0.2166321E+01
  0.2157698E+01
  0.2149421E+01
  0.2141040E+01
  0.2132419E+01
  0.2123802E+01
  0.2115417E+01
  0.2107038E+01
  0.2098878E+01
  0.2091133E+01
  0.2083627E+01
  0.2076177E+01
  0.2068707E+01
  0.2061394E+01
  0.2054154E+01
  0.2046897E+01
  0.2039599E+01
  0.2032023E+01
  0.2024325E+01
  0.2016762E+01
  0.2009466E+01
  0.2002257E+01
  0.1995334E+01
  0.1988785E+01
  0.1982288E+01
  0.1975685E+01
  0.1969127E+01
  0.1962534E+01
  0.1956049E+01
  0.1949520E+01
  0.1943004E+01
  0.1936432E+01
  0.1929918E+01
  0.1923102E+01
  0.1916282E+01
  0.1909715E+01
  0.1903447E+01
  0.1897053E+01
  0.1891080E+01
  0.1885309E+01
  0.1879586E+01
  0.1873750E+01
  0.1867941E+01
  0.1862117E+01
  0.1856381E+01
  0.1850675E+01
  0.1844962E+01
  0.1839121E+01
  0.1833433E+01
  0.1827626E+01
  0.1821866E+01
  0.1816064E+01
  0.1810192E+01
  0.1804279E+01
  0.1798660E+01
  0.1792937E+01
  0.1787656E+01
  0.1782218E+01
  0.1776780E+01
  0.1771167E+01
  0.1765558E+01
  0.1760196E+01
  0.1755075E+01
  0.1749933E+01
  0.1744805E+01
  0.1739661E+01
  0.1734618E+01
  0.1729363E+01
  0.1724360E+01
  0.1719359E+01
  0.1714534E+01
  0.1709650E+01
  0.1705053E+01
  0.1700293E+01
  0.1695601E+01
  0.1690859E+01
  0.1686182E+01
  0.1681340E+01
  0.1676557E+01
  0.1671714E+01
  0.1667109E+01
  0.1662356E+01
  0.1657580E+01
  0.1652833E+01
  0.1648351E+01
  0.1643792E+01
  0.1639290E+01
  0.1634645E+01
  0.1630160E+01
  0.1625665E+01
  0.1621259E+01
  0.1616696E+01
  0.1612229E+01
  0.1607697E+01
  0.1603199E+01
  0.1598637E+01
  0.1594468E+01
  0.1590238E+01
  0.1585999E+01
  0.1581719E+01
  0.1577533E+01
  0.1573244E+01
  0.1569043E+01
  0.1564808E+01
  0.1560716E+01
  0.1556488E+01
  0.1552290E+01
  0.1547949E+01
  0.1543826E+01
  0.1539671E+01
  0.1535712E+01
  0.1531661E+01
  0.1527653E+01
  0.1523631E+01
  0.1519675E+01
  0.1515729E+01
  0.1511827E+01
  0.1507870E+01
  0.1503963E+01
  0.1499981E+01
  0.1496226E+01
  0.1492414E+01
  0.1488695E+01
  0.1484901E+01
  0.1481205E+01
  0.1477425E+01
  0.1473730E+01
  0.1469956E+01
  0.1466254E+01
  0.1462467E+01
  0.1458830E+01
  0.1455177E+01
  0.1451603E+01
  0.1448003E+01
  0.1444467E+01
  0.1440827E+01
  0.1437284E+01
  0.1433643E+01
  0.1430129E+01
  0.1426505E+01
  0.1423031E+01
  0.1419492E+01
  0.1416028E+01
  0.1412606E+01
  0.1409268E+01
  0.1405887E+01
  0.1402569E+01
  0.1399191E+01
  0.1395934E+01
  0.1392710E+01
  0.1389577E+01
  0.1386399E+01
  0.1383324E+01
  0.1380229E+01
  0.1377188E+01
  0.1374057E+01
  0.1370993E+01
  0.1367947E+01
  0.1364958E+01
  0.1361874E+01
  0.1358865E+01
  0.1355793E+01
  0.1352837E+01
  0.1349825E+01
  0.1346905E+01
  0.1343922E+01
  0.1341012E+01
  0.1338086E+01
  0.1335190E+01
  0.1332251E+01
  0.1329393E+01
  0.1326547E+01
  0.1323761E+01
  0.1320927E+01
  0.1318146E+01
  0.1315336E+01
  0.1312670E+01
  0.1309935E+01
  0.1307224E+01
  0.1304443E+01
  0.1301773E+01
  0.1299086E+01
  0.1296468E+01
  0.1293814E+01
  0.1291205E+01
  0.1288606E+01
  0.1286072E+01
  0.1283475E+01
  0.1280948E+01
  0.1278387E+01
  0.1275902E+01
  0.1273372E+01
  0.1270900E+01
