  0.2614556E-24
  0.2712996E-24
  0.2701791E-24
  0.2693338E-24
  0.2686325E-24
  0.2679665E-24
  0.2672723E-24
  0.2665642E-24
  0.2658564E-24
  0.2650873E-24
  0.2642769E-24
  0.2634227E-24
  0.2625209E-24
  0.2615503E-24
  0.2605539E-24
  0.2594920E-24
  0.2584031E-24
  0.2572473E-24
  0.2560453E-24
  0.2548155E-24
  0.2535164E-24
  0.2521505E-24
  0.2507590E-24
  0.2493257E-24
  0.2478476E-24
  0.2463088E-24
  0.2447421E-24
  0.2431169E-24
  0.2414506E-24
  0.2397458E-24
  0.2380052E-24
  0.2362297E-24
  0.2344194E-24
  0.2325738E-24
  0.2306817E-24
  0.2287705E-24
  0.2268183E-24
  0.2248488E-24
  0.2228385E-24
  0.2208005E-24
  0.2187372E-24
  0.2166507E-24
  0.2145398E-24
  0.2123976E-24
  0.2102461E-24
  0.2080686E-24
  0.2058846E-24
  0.2036757E-24
  0.2014528E-24
  0.1992188E-24
  0.1969755E-24
  0.1947243E-24
  0.1924656E-24
  0.1901992E-24
  0.1879193E-24
  0.1856424E-24
  0.1833564E-24
  0.1810752E-24
  0.1787857E-24
  0.1764954E-24
  0.1742062E-24
  0.1719189E-24
  0.1696297E-24
  0.1673527E-24
  0.1650827E-24
  0.1628144E-24
  0.1605588E-24
  0.1583066E-24
  0.1560633E-24
  0.1538307E-24
  0.1516072E-24
  0.1494008E-24
  0.1472088E-24
  0.1450278E-24
  0.1428669E-24
  0.1407197E-24
  0.1385932E-24
  0.1364810E-24
  0.1343869E-24
  0.1323121E-24
  0.1302572E-24
  0.1282228E-24
  0.1262087E-24
  0.1242124E-24
  0.1222409E-24
  0.1202888E-24
  0.1183618E-24
  0.1164547E-24
  0.1145702E-24
  0.1127093E-24
  0.1108722E-24
  0.1090589E-24
  0.1072693E-24
  0.1055017E-24
  0.1037603E-24
  0.1020418E-24
  0.1003496E-24
  0.9868016E-25
  0.9703512E-25
  0.9541488E-25
  0.9381947E-25
  0.9224891E-25
  0.9070267E-25
  0.8917975E-25
  0.8768243E-25
  0.8620885E-25
  0.8476044E-25
  0.8333528E-25
  0.8193396E-25
  0.8055660E-25
  0.7920315E-25
  0.7787335E-25
  0.7656677E-25
  0.7528252E-25
  0.7402198E-25
  0.7278348E-25
  0.7156766E-25
  0.7037498E-25
  0.6920379E-25
  0.6805425E-25
  0.6692621E-25
  0.6581924E-25
  0.6473274E-25
  0.6366745E-25
  0.6262229E-25
  0.6159770E-25
  0.6059254E-25
  0.5960686E-25
  0.5864054E-25
  0.5769334E-25
  0.5676479E-25
  0.5585467E-25
  0.5496253E-25
  0.5408781E-25
  0.5323071E-25
  0.5239059E-25
  0.5156741E-25
  0.5076044E-25
  0.4996958E-25
  0.4919456E-25
  0.4843502E-25
  0.4769070E-25
  0.4696110E-25
  0.4624626E-25
  0.4554560E-25
  0.4485909E-25
  0.4418608E-25
  0.4352645E-25
  0.4287992E-25
  0.4224613E-25
  0.4162478E-25
  0.4101545E-25
  0.4041774E-25
  0.3983084E-25
  0.3925341E-25
  0.3868977E-25
  0.3813828E-25
  0.3759843E-25
  0.3706974E-25
  0.3655183E-25
  0.3604444E-25
  0.3554728E-25
  0.3506017E-25
  0.3458278E-25
  0.3411494E-25
  0.3365634E-25
  0.3320683E-25
  0.3276615E-25
  0.3233409E-25
  0.3191049E-25
  0.3149503E-25
  0.3108764E-25
  0.3068809E-25
  0.3029621E-25
  0.2991177E-25
  0.2953470E-25
  0.2916473E-25
  0.2880173E-25
  0.2844552E-25
  0.2809597E-25
  0.2775291E-25
  0.2741617E-25
  0.2708565E-25
  0.2676118E-25
  0.2644261E-25
  0.2612982E-25
  0.2582268E-25
  0.2552104E-25
  0.2522481E-25
  0.2493383E-25
  0.2464798E-25
  0.2436716E-25
  0.2409128E-25
  0.2382020E-25
  0.2355382E-25
  0.2329203E-25
  0.2303472E-25
  0.2278183E-25
  0.2253320E-25
  0.2228878E-25
  0.2204848E-25
  0.2181220E-25
  0.2157983E-25
  0.2135132E-25
  0.2112658E-25
  0.2090552E-25
  0.2068804E-25
  0.2047410E-25
  0.2026362E-25
  0.2005649E-25
  0.1985270E-25
  0.1965214E-25
  0.1945476E-25
  0.1926048E-25
  0.1906924E-25
  0.1888097E-25
  0.1869562E-25
  0.1851314E-25
  0.1833346E-25
  0.1815651E-25
  0.1798228E-25
  0.1781064E-25
  0.1764162E-25
  0.1747513E-25
  0.1731112E-25
  0.1714953E-25
  0.1699033E-25
  0.1683348E-25
  0.1667893E-25
  0.1652663E-25
  0.1637652E-25
  0.1622858E-25
  0.1608278E-25
  0.1593905E-25
  0.1579737E-25
  0.1565770E-25
  0.1552001E-25
  0.1538424E-25
  0.1525038E-25
  0.1511837E-25
  0.1498818E-25
  0.1485979E-25
  0.1473319E-25
  0.1460829E-25
  0.1448509E-25
  0.1436358E-25
  0.1424368E-25
  0.1412539E-25
  0.1400872E-25
  0.1389359E-25
  0.1377997E-25
  0.1366785E-25
  0.1355721E-25
  0.1344802E-25
  0.1334025E-25
  0.1323388E-25
  0.1312887E-25
  0.1302523E-25
  0.1292290E-25
  0.1282189E-25
  0.1272215E-25
  0.1262367E-25
  0.1252643E-25
  0.1243041E-25
  0.1233560E-25
  0.1224197E-25
  0.1214949E-25
  0.1205815E-25
  0.1196793E-25
  0.1187880E-25
  0.1179077E-25
  0.1170381E-25
  0.1161788E-25
  0.1153299E-25
  0.1144913E-25
  0.1136626E-25
  0.1128437E-25
  0.1120345E-25
  0.1112347E-25
  0.1104445E-25
  0.1096633E-25
  0.1088914E-25
  0.1081281E-25
  0.1073738E-25
  0.1066281E-25
  0.1058909E-25
  0.1051621E-25
  0.1044415E-25
  0.1037291E-25
  0.1030247E-25
  0.1023281E-25
  0.1016392E-25
  0.1009580E-25
  0.1002843E-25
  0.9961796E-26
  0.9895900E-26
  0.9830704E-26
  0.9766237E-26
  0.9702444E-26
  0.9639349E-26
  0.9576921E-26
  0.9515164E-26
  0.9454053E-26
  0.9393592E-26
  0.9333774E-26
  0.9274564E-26
  0.9215981E-26
  0.9157996E-26
  0.9100623E-26
  0.9043832E-26
  0.8987626E-26
  0.8931994E-26
  0.8876931E-26
  0.8822422E-26
  0.8768455E-26
  0.8715033E-26
  0.8662138E-26
  0.8609767E-26
  0.8557904E-26
  0.8506572E-26
  0.8455745E-26
  0.8405389E-26
  0.8355538E-26
  0.8306155E-26
  0.8257264E-26
  0.8208824E-26
  0.8160857E-26
  0.8113338E-26
  0.8066274E-26
  0.8019645E-26
  0.7973442E-26
  0.7927691E-26
  0.7882356E-26
  0.7837429E-26
  0.7792917E-26
  0.7748824E-26
  0.7705113E-26
  0.7661816E-26
  0.7618896E-26
  0.7576369E-26
  0.7534224E-26
  0.7492443E-26
  0.7451028E-26
  0.7409993E-26
  0.7369302E-26
  0.7328976E-26
  0.7289001E-26
  0.7249364E-26
  0.7210074E-26
  0.7171115E-26
  0.7132483E-26
  0.7094191E-26
  0.7056218E-26
  0.7018560E-26
  0.6981209E-26
  0.6944186E-26
  0.6907463E-26
  0.6871044E-26
  0.6834916E-26
  0.6799084E-26
  0.6763547E-26
  0.6728296E-26
  0.6693333E-26
  0.6658646E-26
  0.6624237E-26
  0.6590100E-26
  0.6556241E-26
  0.6522633E-26
  0.6489299E-26
  0.6456228E-26
  0.6423401E-26
  0.6390832E-26
  0.6358516E-26
  0.6326449E-26
  0.6294622E-26
  0.6263039E-26
  0.6231692E-26
  0.6200581E-26
  0.6169696E-26
  0.6139045E-26
  0.6108623E-26
  0.6078429E-26
  0.6048443E-26
  0.6018689E-26
  0.5989145E-26
  0.5959820E-26
  0.5930702E-26
  0.5901792E-26
  0.5873086E-26
  0.5844588E-26
  0.5816296E-26
  0.5788198E-26
  0.5760291E-26
  0.5732586E-26
  0.5705070E-26
  0.5677750E-26
  0.5650612E-26
  0.5623664E-26
  0.5596896E-26
  0.5570305E-26
