-0.152E+15
-0.152E+15
-0.152E+15
-0.152E+15
-0.152E+15
-0.152E+15
-0.152E+15
-0.152E+15
-0.151E+15
-0.151E+15
-0.151E+15
-0.151E+15
-0.151E+15
-0.151E+15
-0.151E+15
-0.151E+15
-0.151E+15
-0.151E+15
-0.150E+15
-0.150E+15
-0.150E+15
-0.150E+15
-0.150E+15
-0.150E+15
-0.150E+15
-0.150E+15
-0.150E+15
-0.150E+15
-0.149E+15
-0.149E+15
-0.149E+15
-0.149E+15
-0.149E+15
-0.149E+15
-0.149E+15
-0.149E+15
-0.149E+15
-0.149E+15
-0.148E+15
-0.148E+15
-0.148E+15
-0.148E+15
-0.148E+15
-0.148E+15
-0.148E+15
-0.148E+15
-0.148E+15
-0.147E+15
-0.147E+15
-0.147E+15
-0.147E+15
-0.147E+15
-0.147E+15
-0.147E+15
-0.147E+15
-0.147E+15
-0.147E+15
-0.146E+15
-0.146E+15
-0.146E+15
-0.146E+15
-0.146E+15
-0.146E+15
-0.146E+15
-0.146E+15
-0.146E+15
-0.146E+15
-0.145E+15
-0.145E+15
-0.145E+15
-0.145E+15
-0.145E+15
-0.145E+15
-0.145E+15
-0.145E+15
-0.145E+15
-0.145E+15
-0.144E+15
-0.144E+15
-0.144E+15
-0.144E+15
-0.144E+15
-0.144E+15
-0.144E+15
-0.144E+15
-0.144E+15
-0.144E+15
-0.143E+15
-0.143E+15
-0.143E+15
-0.143E+15
-0.143E+15
-0.143E+15
-0.143E+15
-0.143E+15
-0.143E+15
-0.143E+15
-0.142E+15
-0.142E+15
-0.142E+15
-0.142E+15
-0.142E+15
-0.142E+15
-0.142E+15
-0.142E+15
-0.142E+15
-0.142E+15
-0.141E+15
-0.141E+15
-0.141E+15
-0.141E+15
-0.141E+15
-0.141E+15
-0.141E+15
-0.141E+15
-0.141E+15
-0.140E+15
-0.140E+15
-0.140E+15
-0.140E+15
-0.140E+15
-0.140E+15
-0.140E+15
-0.140E+15
-0.140E+15
-0.140E+15
-0.139E+15
-0.139E+15
-0.139E+15
-0.139E+15
-0.139E+15
-0.139E+15
-0.139E+15
-0.139E+15
-0.139E+15
-0.139E+15
-0.138E+15
-0.138E+15
-0.138E+15
-0.138E+15
-0.138E+15
-0.138E+15
-0.138E+15
-0.138E+15
-0.138E+15
-0.138E+15
-0.137E+15
-0.137E+15
-0.137E+15
-0.137E+15
-0.137E+15
-0.137E+15
-0.137E+15
-0.137E+15
-0.137E+15
-0.137E+15
-0.136E+15
-0.136E+15
-0.136E+15
-0.136E+15
-0.136E+15
-0.136E+15
-0.136E+15
-0.136E+15
-0.136E+15
-0.136E+15
-0.135E+15
-0.135E+15
-0.135E+15
-0.135E+15
-0.135E+15
-0.135E+15
-0.135E+15
-0.135E+15
-0.135E+15
-0.135E+15
-0.134E+15
-0.134E+15
-0.134E+15
-0.134E+15
-0.134E+15
-0.134E+15
-0.134E+15
-0.134E+15
-0.134E+15
-0.133E+15
-0.133E+15
-0.133E+15
-0.133E+15
-0.133E+15
-0.133E+15
-0.133E+15
-0.133E+15
-0.133E+15
-0.133E+15
-0.132E+15
-0.132E+15
-0.132E+15
-0.132E+15
-0.132E+15
-0.132E+15
-0.132E+15
-0.132E+15
-0.132E+15
-0.132E+15
-0.131E+15
-0.131E+15
-0.131E+15
-0.131E+15
-0.131E+15
-0.131E+15
-0.131E+15
-0.131E+15
-0.131E+15
-0.131E+15
-0.130E+15
-0.130E+15
-0.130E+15
-0.130E+15
-0.130E+15
-0.130E+15
-0.130E+15
-0.130E+15
-0.130E+15
-0.130E+15
-0.129E+15
-0.129E+15
-0.129E+15
-0.129E+15
-0.129E+15
-0.129E+15
-0.129E+15
-0.129E+15
-0.129E+15
-0.129E+15
-0.128E+15
-0.128E+15
-0.128E+15
-0.128E+15
-0.128E+15
-0.128E+15
-0.128E+15
-0.128E+15
-0.128E+15
-0.127E+15
-0.127E+15
-0.127E+15
-0.127E+15
-0.127E+15
-0.127E+15
-0.127E+15
-0.127E+15
-0.127E+15
-0.127E+15
-0.126E+15
-0.126E+15
-0.126E+15
-0.126E+15
-0.126E+15
-0.126E+15
-0.126E+15
-0.126E+15
-0.126E+15
-0.126E+15
-0.125E+15
-0.125E+15
-0.125E+15
-0.125E+15
-0.125E+15
-0.125E+15
-0.125E+15
-0.125E+15
-0.125E+15
-0.125E+15
-0.124E+15
-0.124E+15
-0.124E+15
-0.124E+15
-0.124E+15
-0.124E+15
-0.124E+15
-0.124E+15
-0.124E+15
-0.124E+15
-0.123E+15
-0.123E+15
-0.123E+15
-0.123E+15
-0.123E+15
-0.123E+15
-0.123E+15
-0.123E+15
-0.123E+15
-0.123E+15
-0.122E+15
-0.122E+15
-0.122E+15
-0.122E+15
-0.122E+15
-0.122E+15
-0.122E+15
-0.122E+15
-0.122E+15
-0.122E+15
-0.121E+15
-0.121E+15
-0.121E+15
-0.121E+15
-0.121E+15
-0.121E+15
-0.121E+15
-0.121E+15
-0.121E+15
-0.120E+15
-0.120E+15
-0.120E+15
-0.120E+15
-0.120E+15
-0.120E+15
-0.120E+15
-0.120E+15
-0.120E+15
-0.120E+15
-0.119E+15
-0.119E+15
-0.119E+15
-0.119E+15
-0.119E+15
-0.119E+15
-0.119E+15
-0.119E+15
-0.119E+15
-0.119E+15
-0.118E+15
-0.118E+15
-0.118E+15
-0.118E+15
-0.118E+15
-0.118E+15
-0.118E+15
-0.118E+15
-0.118E+15
-0.118E+15
-0.117E+15
-0.117E+15
-0.117E+15
-0.117E+15
-0.117E+15
-0.117E+15
-0.117E+15
-0.117E+15
-0.117E+15
-0.117E+15
-0.116E+15
-0.116E+15
-0.116E+15
-0.116E+15
-0.116E+15
-0.116E+15
-0.116E+15
-0.116E+15
-0.116E+15
-0.116E+15
-0.115E+15
-0.115E+15
-0.115E+15
-0.115E+15
-0.115E+15
-0.115E+15
-0.115E+15
-0.115E+15
-0.115E+15
-0.115E+15
-0.114E+15
-0.114E+15
-0.114E+15
-0.114E+15
-0.114E+15
-0.114E+15
-0.114E+15
-0.114E+15
-0.114E+15
-0.113E+15
-0.113E+15
-0.113E+15
-0.113E+15
-0.113E+15
-0.113E+15
-0.113E+15
-0.113E+15
-0.113E+15
-0.113E+15
-0.112E+15
-0.112E+15
-0.112E+15
-0.112E+15
-0.112E+15
-0.112E+15
-0.112E+15
-0.112E+15
-0.112E+15
-0.112E+15
-0.111E+15
-0.111E+15
-0.111E+15
-0.111E+15
-0.111E+15
-0.111E+15
-0.111E+15
-0.111E+15
-0.111E+15
-0.111E+15
-0.110E+15
-0.110E+15
-0.110E+15
-0.110E+15
-0.110E+15
-0.110E+15
-0.110E+15
-0.110E+15
-0.110E+15
-0.110E+15
-0.109E+15
-0.109E+15
-0.109E+15
-0.109E+15
-0.109E+15
-0.109E+15
-0.109E+15
-0.109E+15
-0.109E+15
-0.109E+15
-0.108E+15
-0.108E+15
-0.108E+15
-0.108E+15
-0.108E+15
-0.108E+15
-0.108E+15
-0.108E+15
-0.108E+15
-0.108E+15
-0.107E+15
-0.107E+15
-0.107E+15
-0.107E+15
-0.107E+15
-0.107E+15
-0.107E+15
-0.107E+15
-0.107E+15
-0.106E+15
-0.106E+15
-0.106E+15
-0.106E+15
-0.106E+15
-0.106E+15
-0.106E+15
-0.106E+15
-0.106E+15
-0.106E+15
-0.105E+15
-0.105E+15
-0.105E+15
-0.105E+15
-0.105E+15
-0.105E+15
-0.105E+15
-0.105E+15
-0.105E+15
-0.105E+15
-0.104E+15
-0.104E+15
-0.104E+15
-0.104E+15
-0.104E+15
-0.104E+15
-0.104E+15
-0.104E+15
-0.104E+15
-0.104E+15
-0.103E+15
-0.103E+15
-0.103E+15
-0.103E+15
-0.103E+15
-0.103E+15
-0.103E+15
-0.103E+15
-0.103E+15
-0.103E+15
-0.102E+15
-0.102E+15
-0.102E+15
-0.102E+15
-0.102E+15
-0.102E+15
-0.102E+15
-0.102E+15
-0.102E+15
-0.102E+15
-0.101E+15
-0.101E+15
-0.101E+15
-0.101E+15
-0.101E+15
-0.101E+15
-0.101E+15
-0.101E+15
-0.101E+15
-0.100E+15
-0.100E+15
-0.100E+15
-0.100E+15
-0.100E+15
-0.100E+15
-0.999E+14
-0.998E+14
-0.997E+14
-0.996E+14
-0.995E+14
-0.994E+14
-0.993E+14
-0.992E+14
-0.991E+14
-0.990E+14
-0.989E+14
-0.988E+14
-0.987E+14
-0.986E+14
-0.985E+14
-0.984E+14
-0.983E+14
-0.982E+14
-0.981E+14
-0.980E+14
-0.979E+14
-0.978E+14
-0.977E+14
-0.976E+14
-0.975E+14
-0.973E+14
-0.972E+14
-0.971E+14
-0.970E+14
-0.969E+14
-0.968E+14
-0.967E+14
-0.966E+14
-0.965E+14
-0.964E+14
-0.963E+14
-0.962E+14
-0.961E+14
-0.960E+14
-0.959E+14
-0.958E+14
-0.957E+14
-0.956E+14
-0.955E+14
-0.954E+14
-0.953E+14
-0.952E+14
-0.951E+14
-0.950E+14
-0.949E+14
-0.948E+14
-0.947E+14
-0.946E+14
-0.945E+14
-0.944E+14
-0.943E+14
-0.942E+14
-0.941E+14
-0.940E+14
-0.939E+14
-0.938E+14
-0.937E+14
-0.936E+14
-0.935E+14
-0.934E+14
-0.933E+14
-0.932E+14
-0.931E+14
-0.930E+14
-0.929E+14
-0.928E+14
-0.927E+14
-0.926E+14
-0.925E+14
-0.924E+14
-0.923E+14
-0.922E+14
-0.921E+14
-0.920E+14
-0.919E+14
-0.918E+14
-0.917E+14
-0.916E+14
-0.915E+14
-0.914E+14
-0.913E+14
-0.912E+14
-0.911E+14
-0.910E+14
-0.909E+14
-0.908E+14
-0.906E+14
-0.905E+14
-0.904E+14
-0.903E+14
-0.902E+14
-0.901E+14
-0.900E+14
-0.899E+14
-0.898E+14
-0.897E+14
-0.896E+14
-0.895E+14
-0.894E+14
-0.893E+14
-0.892E+14
-0.891E+14
-0.890E+14
-0.889E+14
-0.888E+14
-0.887E+14
-0.886E+14
-0.885E+14
-0.884E+14
-0.883E+14
-0.882E+14
-0.881E+14
-0.880E+14
-0.879E+14
-0.878E+14
-0.877E+14
-0.876E+14
-0.875E+14
-0.874E+14
-0.873E+14
-0.872E+14
-0.871E+14
-0.870E+14
-0.869E+14
-0.868E+14
-0.867E+14
-0.866E+14
-0.865E+14
-0.864E+14
-0.863E+14
-0.862E+14
-0.861E+14
-0.860E+14
-0.859E+14
-0.858E+14
-0.857E+14
-0.856E+14
-0.855E+14
-0.854E+14
-0.853E+14
-0.852E+14
-0.851E+14
-0.850E+14
-0.849E+14
-0.848E+14
-0.847E+14
-0.846E+14
-0.845E+14
-0.844E+14
-0.843E+14
-0.842E+14
-0.841E+14
-0.839E+14
-0.838E+14
-0.837E+14
-0.836E+14
-0.835E+14
-0.834E+14
-0.833E+14
-0.832E+14
-0.831E+14
-0.830E+14
-0.829E+14
-0.828E+14
-0.827E+14
-0.826E+14
-0.825E+14
-0.824E+14
-0.823E+14
-0.822E+14
-0.821E+14
-0.820E+14
-0.819E+14
-0.818E+14
-0.817E+14
-0.816E+14
-0.815E+14
-0.814E+14
-0.813E+14
-0.812E+14
-0.811E+14
-0.810E+14
-0.809E+14
-0.808E+14
-0.807E+14
-0.806E+14
-0.805E+14
-0.804E+14
-0.803E+14
-0.802E+14
-0.801E+14
-0.800E+14
-0.799E+14
-0.798E+14
-0.797E+14
-0.796E+14
-0.795E+14
-0.794E+14
-0.793E+14
-0.792E+14
-0.791E+14
-0.790E+14
-0.789E+14
-0.788E+14
-0.787E+14
-0.786E+14
-0.785E+14
-0.784E+14
-0.783E+14
-0.782E+14
-0.781E+14
-0.780E+14
-0.779E+14
-0.778E+14
-0.777E+14
-0.776E+14
-0.775E+14
-0.774E+14
-0.772E+14
-0.771E+14
-0.770E+14
-0.769E+14
-0.768E+14
-0.767E+14
-0.766E+14
-0.765E+14
-0.764E+14
-0.763E+14
-0.762E+14
-0.761E+14
-0.760E+14
-0.759E+14
-0.758E+14
-0.757E+14
-0.756E+14
-0.755E+14
-0.754E+14
-0.753E+14
-0.752E+14
-0.751E+14
-0.750E+14
-0.749E+14
-0.748E+14
-0.747E+14
-0.746E+14
-0.745E+14
-0.744E+14
-0.743E+14
-0.742E+14
-0.741E+14
-0.740E+14
-0.739E+14
-0.738E+14
-0.737E+14
-0.736E+14
-0.735E+14
-0.734E+14
-0.733E+14
-0.732E+14
-0.731E+14
-0.730E+14
-0.729E+14
-0.728E+14
-0.727E+14
-0.726E+14
-0.725E+14
-0.724E+14
-0.723E+14
-0.722E+14
-0.721E+14
-0.720E+14
-0.719E+14
-0.718E+14
-0.717E+14
-0.716E+14
-0.715E+14
-0.714E+14
-0.713E+14
-0.712E+14
-0.711E+14
-0.710E+14
-0.709E+14
-0.708E+14
-0.707E+14
-0.706E+14
-0.704E+14
-0.703E+14
-0.702E+14
-0.701E+14
-0.700E+14
-0.699E+14
-0.698E+14
-0.697E+14
-0.696E+14
-0.695E+14
-0.694E+14
-0.693E+14
-0.692E+14
-0.691E+14
-0.690E+14
-0.689E+14
-0.688E+14
-0.687E+14
-0.686E+14
-0.685E+14
-0.684E+14
-0.683E+14
-0.682E+14
-0.681E+14
-0.680E+14
-0.679E+14
-0.678E+14
-0.677E+14
-0.676E+14
-0.675E+14
-0.674E+14
-0.673E+14
-0.672E+14
-0.671E+14
-0.670E+14
-0.669E+14
-0.668E+14
-0.667E+14
-0.666E+14
-0.665E+14
-0.664E+14
-0.663E+14
-0.662E+14
-0.661E+14
-0.660E+14
-0.659E+14
-0.658E+14
-0.657E+14
-0.656E+14
-0.655E+14
-0.654E+14
-0.653E+14
-0.652E+14
-0.651E+14
-0.650E+14
-0.649E+14
-0.648E+14
-0.647E+14
-0.646E+14
-0.645E+14
-0.644E+14
-0.643E+14
-0.642E+14
-0.641E+14
-0.640E+14
-0.639E+14
-0.637E+14
-0.636E+14
-0.635E+14
-0.634E+14
-0.633E+14
-0.632E+14
-0.631E+14
-0.630E+14
-0.629E+14
-0.628E+14
-0.627E+14
-0.626E+14
-0.625E+14
-0.624E+14
-0.623E+14
-0.622E+14
-0.621E+14
-0.620E+14
-0.619E+14
-0.618E+14
-0.617E+14
-0.616E+14
-0.615E+14
-0.614E+14
-0.613E+14
-0.612E+14
-0.611E+14
-0.610E+14
-0.609E+14
-0.608E+14
-0.607E+14
-0.606E+14
-0.605E+14
-0.604E+14
-0.603E+14
-0.602E+14
-0.601E+14
-0.600E+14
-0.599E+14
-0.598E+14
-0.597E+14
-0.596E+14
-0.595E+14
-0.594E+14
-0.593E+14
-0.592E+14
-0.591E+14
-0.590E+14
-0.589E+14
-0.588E+14
-0.587E+14
-0.586E+14
-0.585E+14
-0.584E+14
-0.583E+14
-0.582E+14
-0.581E+14
-0.580E+14
-0.579E+14
-0.578E+14
-0.577E+14
-0.576E+14
-0.575E+14
-0.574E+14
-0.573E+14
-0.572E+14
-0.570E+14
-0.569E+14
-0.568E+14
-0.567E+14
-0.566E+14
-0.565E+14
-0.564E+14
-0.563E+14
-0.562E+14
-0.561E+14
-0.560E+14
-0.559E+14
-0.558E+14
-0.557E+14
-0.556E+14
-0.555E+14
-0.554E+14
-0.553E+14
-0.552E+14
-0.551E+14
-0.550E+14
-0.549E+14
-0.548E+14
-0.547E+14
-0.546E+14
-0.545E+14
-0.544E+14
-0.543E+14
-0.542E+14
-0.541E+14
-0.540E+14
-0.539E+14
-0.538E+14
-0.537E+14
-0.536E+14
-0.535E+14
-0.534E+14
-0.533E+14
-0.532E+14
-0.531E+14
-0.530E+14
-0.529E+14
-0.528E+14
-0.527E+14
-0.526E+14
-0.525E+14
-0.524E+14
-0.523E+14
-0.522E+14
-0.521E+14
-0.520E+14
-0.519E+14
-0.518E+14
-0.517E+14
-0.516E+14
-0.515E+14
-0.514E+14
-0.513E+14
-0.512E+14
-0.511E+14
-0.510E+14
-0.509E+14
-0.508E+14
-0.507E+14
-0.506E+14
-0.505E+14
-0.503E+14
-0.502E+14
-0.501E+14
-0.500E+14
-0.499E+14
-0.498E+14
-0.497E+14
-0.496E+14
-0.495E+14
-0.494E+14
-0.493E+14
-0.492E+14
-0.491E+14
-0.490E+14
-0.489E+14
-0.488E+14
-0.487E+14
-0.486E+14
-0.485E+14
-0.484E+14
-0.483E+14
-0.482E+14
-0.481E+14
-0.480E+14
-0.479E+14
-0.478E+14
-0.477E+14
-0.476E+14
-0.475E+14
-0.474E+14
-0.473E+14
-0.472E+14
-0.471E+14
-0.470E+14
-0.469E+14
-0.468E+14
-0.467E+14
-0.466E+14
-0.465E+14
-0.464E+14
-0.463E+14
-0.462E+14
-0.461E+14
-0.460E+14
-0.459E+14
-0.458E+14
-0.457E+14
-0.456E+14
-0.455E+14
-0.454E+14
-0.453E+14
-0.452E+14
-0.451E+14
-0.450E+14
-0.449E+14
-0.448E+14
-0.447E+14
-0.446E+14
-0.445E+14
-0.444E+14
-0.443E+14
-0.442E+14
-0.441E+14
-0.440E+14
-0.439E+14
-0.438E+14
-0.436E+14
-0.435E+14
-0.434E+14
-0.433E+14
-0.432E+14
-0.431E+14
-0.430E+14
-0.429E+14
-0.428E+14
-0.427E+14
-0.426E+14
-0.425E+14
-0.424E+14
-0.423E+14
-0.422E+14
-0.421E+14
-0.420E+14
-0.419E+14
-0.418E+14
-0.417E+14
-0.416E+14
-0.415E+14
-0.414E+14
-0.413E+14
-0.412E+14
-0.411E+14
-0.410E+14
-0.409E+14
-0.408E+14
-0.407E+14
-0.406E+14
-0.405E+14
-0.404E+14
-0.403E+14
-0.402E+14
-0.401E+14
-0.400E+14
-0.399E+14
-0.398E+14
-0.397E+14
-0.396E+14
-0.395E+14
-0.394E+14
-0.393E+14
-0.392E+14
-0.391E+14
-0.390E+14
-0.389E+14
-0.388E+14
-0.387E+14
-0.386E+14
-0.385E+14
-0.384E+14
-0.383E+14
-0.382E+14
-0.381E+14
-0.380E+14
-0.379E+14
-0.378E+14
-0.377E+14
-0.376E+14
-0.375E+14
-0.374E+14
-0.373E+14
-0.372E+14
-0.371E+14
-0.370E+14
-0.368E+14
-0.367E+14
-0.366E+14
-0.365E+14
-0.364E+14
-0.363E+14
-0.362E+14
-0.361E+14
-0.360E+14
-0.359E+14
-0.358E+14
-0.357E+14
-0.356E+14
-0.355E+14
-0.354E+14
-0.353E+14
-0.352E+14
-0.351E+14
-0.350E+14
-0.349E+14
-0.348E+14
-0.347E+14
-0.346E+14
-0.345E+14
-0.344E+14
-0.343E+14
-0.342E+14
-0.341E+14
-0.340E+14
-0.339E+14
-0.338E+14
-0.337E+14
-0.336E+14
-0.335E+14
-0.334E+14
-0.333E+14
-0.332E+14
-0.331E+14
-0.330E+14
-0.329E+14
-0.328E+14
-0.327E+14
-0.326E+14
-0.325E+14
-0.324E+14
-0.323E+14
-0.322E+14
-0.321E+14
-0.320E+14
-0.319E+14
-0.318E+14
-0.317E+14
-0.316E+14
-0.315E+14
-0.314E+14
-0.313E+14
-0.312E+14
-0.311E+14
-0.310E+14
-0.309E+14
-0.308E+14
-0.307E+14
-0.306E+14
-0.305E+14
-0.304E+14
-0.303E+14
-0.301E+14
-0.300E+14
-0.299E+14
-0.298E+14
-0.297E+14
-0.296E+14
-0.295E+14
-0.294E+14
-0.293E+14
-0.292E+14
-0.291E+14
-0.290E+14
-0.289E+14
-0.288E+14
-0.287E+14
-0.286E+14
-0.285E+14
-0.284E+14
-0.283E+14
-0.282E+14
-0.281E+14
-0.280E+14
-0.279E+14
-0.278E+14
-0.277E+14
-0.276E+14
-0.275E+14
-0.274E+14
-0.273E+14
-0.272E+14
-0.271E+14
-0.270E+14
-0.269E+14
-0.268E+14
-0.267E+14
-0.266E+14
-0.265E+14
-0.264E+14
-0.263E+14
-0.262E+14
-0.261E+14
-0.260E+14
-0.259E+14
-0.258E+14
-0.257E+14
-0.256E+14
-0.255E+14
-0.254E+14
-0.253E+14
-0.252E+14
-0.251E+14
-0.250E+14
-0.249E+14
-0.248E+14
-0.247E+14
-0.246E+14
-0.245E+14
-0.244E+14
-0.243E+14
-0.242E+14
-0.241E+14
-0.240E+14
-0.239E+14
-0.238E+14
-0.237E+14
-0.236E+14
-0.234E+14
-0.233E+14
-0.232E+14
-0.231E+14
-0.230E+14
-0.229E+14
-0.228E+14
-0.227E+14
-0.226E+14
-0.225E+14
-0.224E+14
-0.223E+14
-0.222E+14
-0.221E+14
-0.220E+14
-0.219E+14
-0.218E+14
-0.217E+14
-0.216E+14
-0.215E+14
-0.214E+14
-0.213E+14
-0.212E+14
-0.211E+14
-0.210E+14
-0.209E+14
-0.208E+14
-0.207E+14
-0.206E+14
-0.205E+14
-0.204E+14
-0.203E+14
-0.202E+14
-0.201E+14
-0.200E+14
-0.199E+14
-0.198E+14
-0.197E+14
-0.196E+14
-0.195E+14
-0.194E+14
-0.193E+14
-0.192E+14
-0.191E+14
-0.190E+14
-0.189E+14
-0.188E+14
-0.187E+14
-0.186E+14
-0.185E+14
-0.184E+14
-0.183E+14
-0.182E+14
-0.181E+14
-0.180E+14
-0.179E+14
-0.178E+14
-0.177E+14
-0.176E+14
-0.175E+14
-0.174E+14
-0.173E+14
-0.172E+14
-0.171E+14
-0.170E+14
-0.169E+14
-0.167E+14
-0.166E+14
-0.165E+14
-0.164E+14
-0.163E+14
-0.162E+14
-0.161E+14
-0.160E+14
-0.159E+14
-0.158E+14
-0.157E+14
-0.156E+14
-0.155E+14
-0.154E+14
-0.153E+14
-0.152E+14
-0.151E+14
-0.150E+14
-0.149E+14
-0.148E+14
-0.147E+14
-0.146E+14
-0.145E+14
-0.144E+14
-0.143E+14
-0.142E+14
-0.141E+14
-0.140E+14
-0.139E+14
-0.138E+14
-0.137E+14
-0.136E+14
-0.135E+14
-0.134E+14
-0.133E+14
-0.132E+14
-0.131E+14
-0.130E+14
-0.129E+14
-0.128E+14
-0.127E+14
-0.126E+14
-0.125E+14
-0.124E+14
-0.123E+14
-0.122E+14
-0.121E+14
-0.120E+14
-0.119E+14
-0.118E+14
-0.117E+14
-0.116E+14
-0.115E+14
-0.114E+14
-0.113E+14
-0.112E+14
-0.111E+14
-0.110E+14
-0.109E+14
-0.108E+14
-0.107E+14
-0.106E+14
-0.105E+14
-0.104E+14
-0.103E+14
-0.102E+14
-0.100E+14
-0.995E+13
-0.985E+13
-0.975E+13
-0.964E+13
-0.954E+13
-0.944E+13
-0.934E+13
-0.924E+13
-0.914E+13
-0.903E+13
-0.893E+13
-0.883E+13
-0.873E+13
-0.863E+13
-0.853E+13
-0.843E+13
-0.832E+13
-0.822E+13
-0.812E+13
-0.802E+13
-0.792E+13
-0.782E+13
-0.771E+13
-0.761E+13
-0.751E+13
-0.741E+13
-0.731E+13
-0.721E+13
-0.711E+13
-0.700E+13
-0.690E+13
-0.680E+13
-0.670E+13
-0.660E+13
-0.650E+13
-0.640E+13
-0.629E+13
-0.619E+13
-0.609E+13
-0.599E+13
-0.589E+13
-0.579E+13
-0.568E+13
-0.558E+13
-0.548E+13
-0.538E+13
-0.528E+13
-0.518E+13
-0.508E+13
-0.497E+13
-0.487E+13
-0.477E+13
-0.467E+13
-0.457E+13
-0.447E+13
-0.436E+13
-0.426E+13
-0.416E+13
-0.406E+13
-0.396E+13
-0.386E+13
-0.376E+13
-0.365E+13
-0.355E+13
-0.345E+13
-0.335E+13
-0.325E+13
-0.315E+13
-0.305E+13
-0.294E+13
-0.284E+13
-0.274E+13
-0.264E+13
-0.254E+13
-0.244E+13
-0.233E+13
-0.223E+13
-0.213E+13
-0.203E+13
-0.193E+13
-0.183E+13
-0.173E+13
-0.162E+13
-0.152E+13
-0.142E+13
-0.132E+13
-0.122E+13
-0.112E+13
-0.102E+13
-0.914E+12
-0.812E+12
-0.711E+12
-0.609E+12
-0.508E+12
-0.406E+12
-0.305E+12
-0.203E+12
-0.102E+12
 0.000E+00
 0.102E+12
 0.203E+12
 0.305E+12
 0.406E+12
 0.508E+12
 0.609E+12
 0.711E+12
 0.812E+12
 0.914E+12
 0.102E+13
 0.112E+13
 0.122E+13
 0.132E+13
 0.142E+13
 0.152E+13
 0.162E+13
 0.173E+13
 0.183E+13
 0.193E+13
 0.203E+13
 0.213E+13
 0.223E+13
 0.233E+13
 0.244E+13
 0.254E+13
 0.264E+13
 0.274E+13
 0.284E+13
 0.294E+13
 0.305E+13
 0.315E+13
 0.325E+13
 0.335E+13
 0.345E+13
 0.355E+13
 0.365E+13
 0.376E+13
 0.386E+13
 0.396E+13
 0.406E+13
 0.416E+13
 0.426E+13
 0.436E+13
 0.447E+13
 0.457E+13
 0.467E+13
 0.477E+13
 0.487E+13
 0.497E+13
 0.508E+13
 0.518E+13
 0.528E+13
 0.538E+13
 0.548E+13
 0.558E+13
 0.568E+13
 0.579E+13
 0.589E+13
 0.599E+13
 0.609E+13
 0.619E+13
 0.629E+13
 0.640E+13
 0.650E+13
 0.660E+13
 0.670E+13
 0.680E+13
 0.690E+13
 0.700E+13
 0.711E+13
 0.721E+13
 0.731E+13
 0.741E+13
 0.751E+13
 0.761E+13
 0.771E+13
 0.782E+13
 0.792E+13
 0.802E+13
 0.812E+13
 0.822E+13
 0.832E+13
 0.843E+13
 0.853E+13
 0.863E+13
 0.873E+13
 0.883E+13
 0.893E+13
 0.903E+13
 0.914E+13
 0.924E+13
 0.934E+13
 0.944E+13
 0.954E+13
 0.964E+13
 0.975E+13
 0.985E+13
 0.995E+13
 0.100E+14
 0.102E+14
 0.103E+14
 0.104E+14
 0.105E+14
 0.106E+14
 0.107E+14
 0.108E+14
 0.109E+14
 0.110E+14
 0.111E+14
 0.112E+14
 0.113E+14
 0.114E+14
 0.115E+14
 0.116E+14
 0.117E+14
 0.118E+14
 0.119E+14
 0.120E+14
 0.121E+14
 0.122E+14
 0.123E+14
 0.124E+14
 0.125E+14
 0.126E+14
 0.127E+14
 0.128E+14
 0.129E+14
 0.130E+14
 0.131E+14
 0.132E+14
 0.133E+14
 0.134E+14
 0.135E+14
 0.136E+14
 0.137E+14
 0.138E+14
 0.139E+14
 0.140E+14
 0.141E+14
 0.142E+14
 0.143E+14
 0.144E+14
 0.145E+14
 0.146E+14
 0.147E+14
 0.148E+14
 0.149E+14
 0.150E+14
 0.151E+14
 0.152E+14
 0.153E+14
 0.154E+14
 0.155E+14
 0.156E+14
 0.157E+14
 0.158E+14
 0.159E+14
 0.160E+14
 0.161E+14
 0.162E+14
 0.163E+14
 0.164E+14
 0.165E+14
 0.166E+14
 0.167E+14
 0.169E+14
 0.170E+14
 0.171E+14
 0.172E+14
 0.173E+14
 0.174E+14
 0.175E+14
 0.176E+14
 0.177E+14
 0.178E+14
 0.179E+14
 0.180E+14
 0.181E+14
 0.182E+14
 0.183E+14
 0.184E+14
 0.185E+14
 0.186E+14
 0.187E+14
 0.188E+14
 0.189E+14
 0.190E+14
 0.191E+14
 0.192E+14
 0.193E+14
 0.194E+14
 0.195E+14
 0.196E+14
 0.197E+14
 0.198E+14
 0.199E+14
 0.200E+14
 0.201E+14
 0.202E+14
 0.203E+14
 0.204E+14
 0.205E+14
 0.206E+14
 0.207E+14
 0.208E+14
 0.209E+14
 0.210E+14
 0.211E+14
 0.212E+14
 0.213E+14
 0.214E+14
 0.215E+14
 0.216E+14
 0.217E+14
 0.218E+14
 0.219E+14
 0.220E+14
 0.221E+14
 0.222E+14
 0.223E+14
 0.224E+14
 0.225E+14
 0.226E+14
 0.227E+14
 0.228E+14
 0.229E+14
 0.230E+14
 0.231E+14
 0.232E+14
 0.233E+14
 0.234E+14
 0.236E+14
 0.237E+14
 0.238E+14
 0.239E+14
 0.240E+14
 0.241E+14
 0.242E+14
 0.243E+14
 0.244E+14
 0.245E+14
 0.246E+14
 0.247E+14
 0.248E+14
 0.249E+14
 0.250E+14
 0.251E+14
 0.252E+14
 0.253E+14
 0.254E+14
 0.255E+14
 0.256E+14
 0.257E+14
 0.258E+14
 0.259E+14
 0.260E+14
 0.261E+14
 0.262E+14
 0.263E+14
 0.264E+14
 0.265E+14
 0.266E+14
 0.267E+14
 0.268E+14
 0.269E+14
 0.270E+14
 0.271E+14
 0.272E+14
 0.273E+14
 0.274E+14
 0.275E+14
 0.276E+14
 0.277E+14
 0.278E+14
 0.279E+14
 0.280E+14
 0.281E+14
 0.282E+14
 0.283E+14
 0.284E+14
 0.285E+14
 0.286E+14
 0.287E+14
 0.288E+14
 0.289E+14
 0.290E+14
 0.291E+14
 0.292E+14
 0.293E+14
 0.294E+14
 0.295E+14
 0.296E+14
 0.297E+14
 0.298E+14
 0.299E+14
 0.300E+14
 0.301E+14
 0.303E+14
 0.304E+14
 0.305E+14
 0.306E+14
 0.307E+14
 0.308E+14
 0.309E+14
 0.310E+14
 0.311E+14
 0.312E+14
 0.313E+14
 0.314E+14
 0.315E+14
 0.316E+14
 0.317E+14
 0.318E+14
 0.319E+14
 0.320E+14
 0.321E+14
 0.322E+14
 0.323E+14
 0.324E+14
 0.325E+14
 0.326E+14
 0.327E+14
 0.328E+14
 0.329E+14
 0.330E+14
 0.331E+14
 0.332E+14
 0.333E+14
 0.334E+14
 0.335E+14
 0.336E+14
 0.337E+14
 0.338E+14
 0.339E+14
 0.340E+14
 0.341E+14
 0.342E+14
 0.343E+14
 0.344E+14
 0.345E+14
 0.346E+14
 0.347E+14
 0.348E+14
 0.349E+14
 0.350E+14
 0.351E+14
 0.352E+14
 0.353E+14
 0.354E+14
 0.355E+14
 0.356E+14
 0.357E+14
 0.358E+14
 0.359E+14
 0.360E+14
 0.361E+14
 0.362E+14
 0.363E+14
 0.364E+14
 0.365E+14
 0.366E+14
 0.367E+14
 0.368E+14
 0.370E+14
 0.371E+14
 0.372E+14
 0.373E+14
 0.374E+14
 0.375E+14
 0.376E+14
 0.377E+14
 0.378E+14
 0.379E+14
 0.380E+14
 0.381E+14
 0.382E+14
 0.383E+14
 0.384E+14
 0.385E+14
 0.386E+14
 0.387E+14
 0.388E+14
 0.389E+14
 0.390E+14
 0.391E+14
 0.392E+14
 0.393E+14
 0.394E+14
 0.395E+14
 0.396E+14
 0.397E+14
 0.398E+14
 0.399E+14
 0.400E+14
 0.401E+14
 0.402E+14
 0.403E+14
 0.404E+14
 0.405E+14
 0.406E+14
 0.407E+14
 0.408E+14
 0.409E+14
 0.410E+14
 0.411E+14
 0.412E+14
 0.413E+14
 0.414E+14
 0.415E+14
 0.416E+14
 0.417E+14
 0.418E+14
 0.419E+14
 0.420E+14
 0.421E+14
 0.422E+14
 0.423E+14
 0.424E+14
 0.425E+14
 0.426E+14
 0.427E+14
 0.428E+14
 0.429E+14
 0.430E+14
 0.431E+14
 0.432E+14
 0.433E+14
 0.434E+14
 0.435E+14
 0.436E+14
 0.438E+14
 0.439E+14
 0.440E+14
 0.441E+14
 0.442E+14
 0.443E+14
 0.444E+14
 0.445E+14
 0.446E+14
 0.447E+14
 0.448E+14
 0.449E+14
 0.450E+14
 0.451E+14
 0.452E+14
 0.453E+14
 0.454E+14
 0.455E+14
 0.456E+14
 0.457E+14
 0.458E+14
 0.459E+14
 0.460E+14
 0.461E+14
 0.462E+14
 0.463E+14
 0.464E+14
 0.465E+14
 0.466E+14
 0.467E+14
 0.468E+14
 0.469E+14
 0.470E+14
 0.471E+14
 0.472E+14
 0.473E+14
 0.474E+14
 0.475E+14
 0.476E+14
 0.477E+14
 0.478E+14
 0.479E+14
 0.480E+14
 0.481E+14
 0.482E+14
 0.483E+14
 0.484E+14
 0.485E+14
 0.486E+14
 0.487E+14
 0.488E+14
 0.489E+14
 0.490E+14
 0.491E+14
 0.492E+14
 0.493E+14
 0.494E+14
 0.495E+14
 0.496E+14
 0.497E+14
 0.498E+14
 0.499E+14
 0.500E+14
 0.501E+14
 0.502E+14
 0.503E+14
 0.505E+14
 0.506E+14
 0.507E+14
 0.508E+14
 0.509E+14
 0.510E+14
 0.511E+14
 0.512E+14
 0.513E+14
 0.514E+14
 0.515E+14
 0.516E+14
 0.517E+14
 0.518E+14
 0.519E+14
 0.520E+14
 0.521E+14
 0.522E+14
 0.523E+14
 0.524E+14
 0.525E+14
 0.526E+14
 0.527E+14
 0.528E+14
 0.529E+14
 0.530E+14
 0.531E+14
 0.532E+14
 0.533E+14
 0.534E+14
 0.535E+14
 0.536E+14
 0.537E+14
 0.538E+14
 0.539E+14
 0.540E+14
 0.541E+14
 0.542E+14
 0.543E+14
 0.544E+14
 0.545E+14
 0.546E+14
 0.547E+14
 0.548E+14
 0.549E+14
 0.550E+14
 0.551E+14
 0.552E+14
 0.553E+14
 0.554E+14
 0.555E+14
 0.556E+14
 0.557E+14
 0.558E+14
 0.559E+14
 0.560E+14
 0.561E+14
 0.562E+14
 0.563E+14
 0.564E+14
 0.565E+14
 0.566E+14
 0.567E+14
 0.568E+14
 0.569E+14
 0.570E+14
 0.572E+14
 0.573E+14
 0.574E+14
 0.575E+14
 0.576E+14
 0.577E+14
 0.578E+14
 0.579E+14
 0.580E+14
 0.581E+14
 0.582E+14
 0.583E+14
 0.584E+14
 0.585E+14
 0.586E+14
 0.587E+14
 0.588E+14
 0.589E+14
 0.590E+14
 0.591E+14
 0.592E+14
 0.593E+14
 0.594E+14
 0.595E+14
 0.596E+14
 0.597E+14
 0.598E+14
 0.599E+14
 0.600E+14
 0.601E+14
 0.602E+14
 0.603E+14
 0.604E+14
 0.605E+14
 0.606E+14
 0.607E+14
 0.608E+14
 0.609E+14
 0.610E+14
 0.611E+14
 0.612E+14
 0.613E+14
 0.614E+14
 0.615E+14
 0.616E+14
 0.617E+14
 0.618E+14
 0.619E+14
 0.620E+14
 0.621E+14
 0.622E+14
 0.623E+14
 0.624E+14
 0.625E+14
 0.626E+14
 0.627E+14
 0.628E+14
 0.629E+14
 0.630E+14
 0.631E+14
 0.632E+14
 0.633E+14
 0.634E+14
 0.635E+14
 0.636E+14
 0.637E+14
 0.639E+14
 0.640E+14
 0.641E+14
 0.642E+14
 0.643E+14
 0.644E+14
 0.645E+14
 0.646E+14
 0.647E+14
 0.648E+14
 0.649E+14
 0.650E+14
 0.651E+14
 0.652E+14
 0.653E+14
 0.654E+14
 0.655E+14
 0.656E+14
 0.657E+14
 0.658E+14
 0.659E+14
 0.660E+14
 0.661E+14
 0.662E+14
 0.663E+14
 0.664E+14
 0.665E+14
 0.666E+14
 0.667E+14
 0.668E+14
 0.669E+14
 0.670E+14
 0.671E+14
 0.672E+14
 0.673E+14
 0.674E+14
 0.675E+14
 0.676E+14
 0.677E+14
 0.678E+14
 0.679E+14
 0.680E+14
 0.681E+14
 0.682E+14
 0.683E+14
 0.684E+14
 0.685E+14
 0.686E+14
 0.687E+14
 0.688E+14
 0.689E+14
 0.690E+14
 0.691E+14
 0.692E+14
 0.693E+14
 0.694E+14
 0.695E+14
 0.696E+14
 0.697E+14
 0.698E+14
 0.699E+14
 0.700E+14
 0.701E+14
 0.702E+14
 0.703E+14
 0.704E+14
 0.706E+14
 0.707E+14
 0.708E+14
 0.709E+14
 0.710E+14
 0.711E+14
 0.712E+14
 0.713E+14
 0.714E+14
 0.715E+14
 0.716E+14
 0.717E+14
 0.718E+14
 0.719E+14
 0.720E+14
 0.721E+14
 0.722E+14
 0.723E+14
 0.724E+14
 0.725E+14
 0.726E+14
 0.727E+14
 0.728E+14
 0.729E+14
 0.730E+14
 0.731E+14
 0.732E+14
 0.733E+14
 0.734E+14
 0.735E+14
 0.736E+14
 0.737E+14
 0.738E+14
 0.739E+14
 0.740E+14
 0.741E+14
 0.742E+14
 0.743E+14
 0.744E+14
 0.745E+14
 0.746E+14
 0.747E+14
 0.748E+14
 0.749E+14
 0.750E+14
 0.751E+14
 0.752E+14
 0.753E+14
 0.754E+14
 0.755E+14
 0.756E+14
 0.757E+14
 0.758E+14
 0.759E+14
 0.760E+14
 0.761E+14
 0.762E+14
 0.763E+14
 0.764E+14
 0.765E+14
 0.766E+14
 0.767E+14
 0.768E+14
 0.769E+14
 0.770E+14
 0.771E+14
 0.772E+14
 0.774E+14
 0.775E+14
 0.776E+14
 0.777E+14
 0.778E+14
 0.779E+14
 0.780E+14
 0.781E+14
 0.782E+14
 0.783E+14
 0.784E+14
 0.785E+14
 0.786E+14
 0.787E+14
 0.788E+14
 0.789E+14
 0.790E+14
 0.791E+14
 0.792E+14
 0.793E+14
 0.794E+14
 0.795E+14
 0.796E+14
 0.797E+14
 0.798E+14
 0.799E+14
 0.800E+14
 0.801E+14
 0.802E+14
 0.803E+14
 0.804E+14
 0.805E+14
 0.806E+14
 0.807E+14
 0.808E+14
 0.809E+14
 0.810E+14
 0.811E+14
 0.812E+14
 0.813E+14
 0.814E+14
 0.815E+14
 0.816E+14
 0.817E+14
 0.818E+14
 0.819E+14
 0.820E+14
 0.821E+14
 0.822E+14
 0.823E+14
 0.824E+14
 0.825E+14
 0.826E+14
 0.827E+14
 0.828E+14
 0.829E+14
 0.830E+14
 0.831E+14
 0.832E+14
 0.833E+14
 0.834E+14
 0.835E+14
 0.836E+14
 0.837E+14
 0.838E+14
 0.839E+14
 0.841E+14
 0.842E+14
 0.843E+14
 0.844E+14
 0.845E+14
 0.846E+14
 0.847E+14
 0.848E+14
 0.849E+14
 0.850E+14
 0.851E+14
 0.852E+14
 0.853E+14
 0.854E+14
 0.855E+14
 0.856E+14
 0.857E+14
 0.858E+14
 0.859E+14
 0.860E+14
 0.861E+14
 0.862E+14
 0.863E+14
 0.864E+14
 0.865E+14
 0.866E+14
 0.867E+14
 0.868E+14
 0.869E+14
 0.870E+14
 0.871E+14
 0.872E+14
 0.873E+14
 0.874E+14
 0.875E+14
 0.876E+14
 0.877E+14
 0.878E+14
 0.879E+14
 0.880E+14
 0.881E+14
 0.882E+14
 0.883E+14
 0.884E+14
 0.885E+14
 0.886E+14
 0.887E+14
 0.888E+14
 0.889E+14
 0.890E+14
 0.891E+14
 0.892E+14
 0.893E+14
 0.894E+14
 0.895E+14
 0.896E+14
 0.897E+14
 0.898E+14
 0.899E+14
 0.900E+14
 0.901E+14
 0.902E+14
 0.903E+14
 0.904E+14
 0.905E+14
 0.906E+14
 0.908E+14
 0.909E+14
 0.910E+14
 0.911E+14
 0.912E+14
 0.913E+14
 0.914E+14
 0.915E+14
 0.916E+14
 0.917E+14
 0.918E+14
 0.919E+14
 0.920E+14
 0.921E+14
 0.922E+14
 0.923E+14
 0.924E+14
 0.925E+14
 0.926E+14
 0.927E+14
 0.928E+14
 0.929E+14
 0.930E+14
 0.931E+14
 0.932E+14
 0.933E+14
 0.934E+14
 0.935E+14
 0.936E+14
 0.937E+14
 0.938E+14
 0.939E+14
 0.940E+14
 0.941E+14
 0.942E+14
 0.943E+14
 0.944E+14
 0.945E+14
 0.946E+14
 0.947E+14
 0.948E+14
 0.949E+14
 0.950E+14
 0.951E+14
 0.952E+14
 0.953E+14
 0.954E+14
 0.955E+14
 0.956E+14
 0.957E+14
 0.958E+14
 0.959E+14
 0.960E+14
 0.961E+14
 0.962E+14
 0.963E+14
 0.964E+14
 0.965E+14
 0.966E+14
 0.967E+14
 0.968E+14
 0.969E+14
 0.970E+14
 0.971E+14
 0.972E+14
 0.973E+14
 0.975E+14
 0.976E+14
 0.977E+14
 0.978E+14
 0.979E+14
 0.980E+14
 0.981E+14
 0.982E+14
 0.983E+14
 0.984E+14
 0.985E+14
 0.986E+14
 0.987E+14
 0.988E+14
 0.989E+14
 0.990E+14
 0.991E+14
 0.992E+14
 0.993E+14
 0.994E+14
 0.995E+14
 0.996E+14
 0.997E+14
 0.998E+14
 0.999E+14
 0.100E+15
 0.100E+15
 0.100E+15
 0.100E+15
 0.100E+15
 0.100E+15
 0.101E+15
 0.101E+15
 0.101E+15
 0.101E+15
 0.101E+15
 0.101E+15
 0.101E+15
 0.101E+15
 0.101E+15
 0.102E+15
 0.102E+15
 0.102E+15
 0.102E+15
 0.102E+15
 0.102E+15
 0.102E+15
 0.102E+15
 0.102E+15
 0.102E+15
 0.103E+15
 0.103E+15
 0.103E+15
 0.103E+15
 0.103E+15
 0.103E+15
 0.103E+15
 0.103E+15
 0.103E+15
 0.103E+15
 0.104E+15
 0.104E+15
 0.104E+15
 0.104E+15
 0.104E+15
 0.104E+15
 0.104E+15
 0.104E+15
 0.104E+15
 0.104E+15
 0.105E+15
 0.105E+15
 0.105E+15
 0.105E+15
 0.105E+15
 0.105E+15
 0.105E+15
 0.105E+15
 0.105E+15
 0.105E+15
 0.106E+15
 0.106E+15
 0.106E+15
 0.106E+15
 0.106E+15
 0.106E+15
 0.106E+15
 0.106E+15
 0.106E+15
 0.106E+15
 0.107E+15
 0.107E+15
 0.107E+15
 0.107E+15
 0.107E+15
 0.107E+15
 0.107E+15
 0.107E+15
 0.107E+15
 0.108E+15
 0.108E+15
 0.108E+15
 0.108E+15
 0.108E+15
 0.108E+15
 0.108E+15
 0.108E+15
 0.108E+15
 0.108E+15
 0.109E+15
 0.109E+15
 0.109E+15
 0.109E+15
 0.109E+15
 0.109E+15
 0.109E+15
 0.109E+15
 0.109E+15
 0.109E+15
 0.110E+15
 0.110E+15
 0.110E+15
 0.110E+15
 0.110E+15
 0.110E+15
 0.110E+15
 0.110E+15
 0.110E+15
 0.110E+15
 0.111E+15
 0.111E+15
 0.111E+15
 0.111E+15
 0.111E+15
 0.111E+15
 0.111E+15
 0.111E+15
 0.111E+15
 0.111E+15
 0.112E+15
 0.112E+15
 0.112E+15
 0.112E+15
 0.112E+15
 0.112E+15
 0.112E+15
 0.112E+15
 0.112E+15
 0.112E+15
 0.113E+15
 0.113E+15
 0.113E+15
 0.113E+15
 0.113E+15
 0.113E+15
 0.113E+15
 0.113E+15
 0.113E+15
 0.113E+15
 0.114E+15
 0.114E+15
 0.114E+15
 0.114E+15
 0.114E+15
 0.114E+15
 0.114E+15
 0.114E+15
 0.114E+15
 0.115E+15
 0.115E+15
 0.115E+15
 0.115E+15
 0.115E+15
 0.115E+15
 0.115E+15
 0.115E+15
 0.115E+15
 0.115E+15
 0.116E+15
 0.116E+15
 0.116E+15
 0.116E+15
 0.116E+15
 0.116E+15
 0.116E+15
 0.116E+15
 0.116E+15
 0.116E+15
 0.117E+15
 0.117E+15
 0.117E+15
 0.117E+15
 0.117E+15
 0.117E+15
 0.117E+15
 0.117E+15
 0.117E+15
 0.117E+15
 0.118E+15
 0.118E+15
 0.118E+15
 0.118E+15
 0.118E+15
 0.118E+15
 0.118E+15
 0.118E+15
 0.118E+15
 0.118E+15
 0.119E+15
 0.119E+15
 0.119E+15
 0.119E+15
 0.119E+15
 0.119E+15
 0.119E+15
 0.119E+15
 0.119E+15
 0.119E+15
 0.120E+15
 0.120E+15
 0.120E+15
 0.120E+15
 0.120E+15
 0.120E+15
 0.120E+15
 0.120E+15
 0.120E+15
 0.120E+15
 0.121E+15
 0.121E+15
 0.121E+15
 0.121E+15
 0.121E+15
 0.121E+15
 0.121E+15
 0.121E+15
 0.121E+15
 0.122E+15
 0.122E+15
 0.122E+15
 0.122E+15
 0.122E+15
 0.122E+15
 0.122E+15
 0.122E+15
 0.122E+15
 0.122E+15
 0.123E+15
 0.123E+15
 0.123E+15
 0.123E+15
 0.123E+15
 0.123E+15
 0.123E+15
 0.123E+15
 0.123E+15
 0.123E+15
 0.124E+15
 0.124E+15
 0.124E+15
 0.124E+15
 0.124E+15
 0.124E+15
 0.124E+15
 0.124E+15
 0.124E+15
 0.124E+15
 0.125E+15
 0.125E+15
 0.125E+15
 0.125E+15
 0.125E+15
 0.125E+15
 0.125E+15
 0.125E+15
 0.125E+15
 0.125E+15
 0.126E+15
 0.126E+15
 0.126E+15
 0.126E+15
 0.126E+15
 0.126E+15
 0.126E+15
 0.126E+15
 0.126E+15
 0.126E+15
 0.127E+15
 0.127E+15
 0.127E+15
 0.127E+15
 0.127E+15
 0.127E+15
 0.127E+15
 0.127E+15
 0.127E+15
 0.127E+15
 0.128E+15
 0.128E+15
 0.128E+15
 0.128E+15
 0.128E+15
 0.128E+15
 0.128E+15
 0.128E+15
 0.128E+15
 0.129E+15
 0.129E+15
 0.129E+15
 0.129E+15
 0.129E+15
 0.129E+15
 0.129E+15
 0.129E+15
 0.129E+15
 0.129E+15
 0.130E+15
 0.130E+15
 0.130E+15
 0.130E+15
 0.130E+15
 0.130E+15
 0.130E+15
 0.130E+15
 0.130E+15
 0.130E+15
 0.131E+15
 0.131E+15
 0.131E+15
 0.131E+15
 0.131E+15
 0.131E+15
 0.131E+15
 0.131E+15
 0.131E+15
 0.131E+15
 0.132E+15
 0.132E+15
 0.132E+15
 0.132E+15
 0.132E+15
 0.132E+15
 0.132E+15
 0.132E+15
 0.132E+15
 0.132E+15
 0.133E+15
 0.133E+15
 0.133E+15
 0.133E+15
 0.133E+15
 0.133E+15
 0.133E+15
 0.133E+15
 0.133E+15
 0.133E+15
 0.134E+15
 0.134E+15
 0.134E+15
 0.134E+15
 0.134E+15
 0.134E+15
 0.134E+15
 0.134E+15
 0.134E+15
 0.135E+15
 0.135E+15
 0.135E+15
 0.135E+15
 0.135E+15
 0.135E+15
 0.135E+15
 0.135E+15
 0.135E+15
 0.135E+15
 0.136E+15
 0.136E+15
 0.136E+15
 0.136E+15
 0.136E+15
 0.136E+15
 0.136E+15
 0.136E+15
 0.136E+15
 0.136E+15
 0.137E+15
 0.137E+15
 0.137E+15
 0.137E+15
 0.137E+15
 0.137E+15
 0.137E+15
 0.137E+15
 0.137E+15
 0.137E+15
 0.138E+15
 0.138E+15
 0.138E+15
 0.138E+15
 0.138E+15
 0.138E+15
 0.138E+15
 0.138E+15
 0.138E+15
 0.138E+15
 0.139E+15
 0.139E+15
 0.139E+15
 0.139E+15
 0.139E+15
 0.139E+15
 0.139E+15
 0.139E+15
 0.139E+15
 0.139E+15
 0.140E+15
 0.140E+15
 0.140E+15
 0.140E+15
 0.140E+15
 0.140E+15
 0.140E+15
 0.140E+15
 0.140E+15
 0.140E+15
 0.141E+15
 0.141E+15
 0.141E+15
 0.141E+15
 0.141E+15
 0.141E+15
 0.141E+15
 0.141E+15
 0.141E+15
 0.142E+15
 0.142E+15
 0.142E+15
 0.142E+15
 0.142E+15
 0.142E+15
 0.142E+15
 0.142E+15
 0.142E+15
 0.142E+15
 0.143E+15
 0.143E+15
 0.143E+15
 0.143E+15
 0.143E+15
 0.143E+15
 0.143E+15
 0.143E+15
 0.143E+15
 0.143E+15
 0.144E+15
 0.144E+15
 0.144E+15
 0.144E+15
 0.144E+15
 0.144E+15
 0.144E+15
 0.144E+15
 0.144E+15
 0.144E+15
 0.145E+15
 0.145E+15
 0.145E+15
 0.145E+15
 0.145E+15
 0.145E+15
 0.145E+15
 0.145E+15
 0.145E+15
 0.145E+15
 0.146E+15
 0.146E+15
 0.146E+15
 0.146E+15
 0.146E+15
 0.146E+15
 0.146E+15
 0.146E+15
 0.146E+15
 0.146E+15
 0.147E+15
 0.147E+15
 0.147E+15
 0.147E+15
 0.147E+15
 0.147E+15
 0.147E+15
 0.147E+15
 0.147E+15
 0.147E+15
 0.148E+15
 0.148E+15
 0.148E+15
 0.148E+15
 0.148E+15
 0.148E+15
 0.148E+15
 0.148E+15
 0.148E+15
 0.149E+15
 0.149E+15
 0.149E+15
 0.149E+15
 0.149E+15
 0.149E+15
 0.149E+15
 0.149E+15
 0.149E+15
 0.149E+15
 0.150E+15
 0.150E+15
 0.150E+15
 0.150E+15
 0.150E+15
 0.150E+15
 0.150E+15
 0.150E+15
 0.150E+15
 0.150E+15
 0.151E+15
 0.151E+15
 0.151E+15
 0.151E+15
 0.151E+15
 0.151E+15
 0.151E+15
 0.151E+15
 0.151E+15
 0.151E+15
 0.152E+15
 0.152E+15
 0.152E+15
 0.152E+15
 0.152E+15
 0.152E+15
 0.152E+15
