  0.1842092E-01
  0.1842092E-01
  0.3619340E-01
  0.5324470E-01
  0.6987916E-01
  0.8564495E-01
  0.1011420E+00
  0.1161393E+00
  0.1307054E+00
  0.1452367E+00
  0.1578752E+00
  0.1711071E+00
  0.1838958E+00
  0.1963518E+00
  0.2084254E+00
  0.2201325E+00
  0.2315898E+00
  0.2427152E+00
  0.2536632E+00
  0.2632900E+00
  0.2734523E+00
  0.2833819E+00
  0.2931011E+00
  0.3025564E+00
  0.3117775E+00
  0.3207689E+00
  0.3295525E+00
  0.3381546E+00
  0.3465399E+00
  0.3547179E+00
  0.3627738E+00
  0.3705394E+00
  0.3782380E+00
  0.3857075E+00
  0.3930250E+00
  0.4005036E+00
  0.4063557E+00
  0.4132089E+00
  0.4199712E+00
  0.4265516E+00
  0.4330309E+00
  0.4393648E+00
  0.4455538E+00
  0.4516630E+00
  0.4576009E+00
  0.4635121E+00
  0.4692479E+00
  0.4749232E+00
  0.4804801E+00
  0.4859478E+00
  0.4912778E+00
  0.4966329E+00
  0.5017625E+00
  0.5068539E+00
  0.5119070E+00
  0.5168270E+00
  0.5216595E+00
  0.5264583E+00
  0.5311938E+00
  0.5357839E+00
  0.5403277E+00
  0.5447459E+00
  0.5493242E+00
  0.5535854E+00
  0.5578085E+00
  0.5619559E+00
  0.5666318E+00
  0.5701708E+00
  0.5734274E+00
  0.5774313E+00
  0.5813485E+00
  0.5852001E+00
  0.5889950E+00
  0.5927210E+00
  0.5964561E+00
  0.6001054E+00
  0.6036909E+00
  0.6072408E+00
  0.6107590E+00
  0.6142165E+00
  0.6176379E+00
  0.6210286E+00
  0.6243417E+00
  0.6276138E+00
  0.6309149E+00
  0.6341216E+00
  0.6372854E+00
  0.6403921E+00
  0.6435191E+00
  0.6465640E+00
  0.6496168E+00
  0.6526066E+00
  0.6555409E+00
  0.6584749E+00
  0.6613363E+00
  0.6641955E+00
  0.6670212E+00
  0.6698433E+00
  0.6726304E+00
  0.6753156E+00
  0.6779851E+00
  0.6806600E+00
  0.6833020E+00
  0.6859087E+00
  0.6885448E+00
  0.6911506E+00
  0.6936358E+00
  0.6961124E+00
  0.6985691E+00
  0.7010052E+00
  0.7033921E+00
  0.7058287E+00
  0.7083435E+00
  0.7108813E+00
  0.7130879E+00
  0.7150550E+00
  0.7168433E+00
  0.7190800E+00
  0.7213130E+00
  0.7235250E+00
  0.7257268E+00
  0.7279206E+00
  0.7300515E+00
  0.7321638E+00
  0.7342770E+00
  0.7363694E+00
  0.7384503E+00
  0.7404939E+00
  0.7425378E+00
  0.7445654E+00
  0.7465615E+00
  0.7485395E+00
  0.7505068E+00
  0.7524444E+00
  0.7543817E+00
  0.7563198E+00
  0.7582373E+00
  0.7601231E+00
  0.7619947E+00
  0.7638386E+00
  0.7656807E+00
  0.7675358E+00
  0.7693545E+00
  0.7711468E+00
  0.7729430E+00
  0.7747574E+00
  0.7765434E+00
  0.7782994E+00
  0.7800436E+00
  0.7818024E+00
  0.7835274E+00
  0.7852470E+00
  0.7869632E+00
  0.7886866E+00
  0.7904205E+00
  0.7921420E+00
  0.7938814E+00
  0.7955932E+00
  0.7972932E+00
  0.7989739E+00
  0.8006475E+00
  0.8023364E+00
  0.8040429E+00
  0.8057527E+00
  0.8074662E+00
  0.8091713E+00
  0.8108972E+00
  0.8126753E+00
  0.8144747E+00
  0.8163092E+00
  0.8180814E+00
  0.8197788E+00
  0.8214394E+00
  0.8230699E+00
  0.8247416E+00
  0.8264202E+00
  0.8280471E+00
  0.8298269E+00
  0.8316036E+00
  0.8333961E+00
  0.8351890E+00
  0.8369624E+00
  0.8387250E+00
  0.8404916E+00
  0.8422356E+00
  0.8439762E+00
  0.8456966E+00
  0.8474018E+00
  0.8490998E+00
  0.8507772E+00
  0.8524400E+00
  0.8540722E+00
  0.8556872E+00
  0.8572816E+00
  0.8588463E+00
  0.8603914E+00
  0.8619309E+00
  0.8634486E+00
  0.8649185E+00
  0.8663768E+00
  0.8678276E+00
  0.8692677E+00
  0.8706711E+00
  0.8720512E+00
  0.8734073E+00
  0.8747504E+00
  0.8760724E+00
  0.8773710E+00
  0.8786515E+00
  0.8799138E+00
  0.8811598E+00
  0.8823976E+00
  0.8836324E+00
  0.8848364E+00
  0.8860357E+00
  0.8872109E+00
  0.8883591E+00
  0.8894968E+00
  0.8906109E+00
  0.8917201E+00
  0.8928051E+00
  0.8938934E+00
  0.8949537E+00
  0.8960126E+00
  0.8970577E+00
  0.8980807E+00
  0.8991073E+00
  0.9001273E+00
  0.9011575E+00
  0.9021756E+00
  0.9031789E+00
  0.9041402E+00
  0.9050655E+00
  0.9059602E+00
  0.9068275E+00
  0.9076816E+00
  0.9085473E+00
  0.9094072E+00
  0.9102611E+00
  0.9111048E+00
  0.9119326E+00
  0.9127552E+00
  0.9136045E+00
  0.9144460E+00
  0.9152678E+00
  0.9160886E+00
  0.9169036E+00
  0.9176948E+00
  0.9184837E+00
  0.9192716E+00
  0.9200410E+00
  0.9207995E+00
  0.9215566E+00
  0.9223103E+00
  0.9230515E+00
  0.9237903E+00
  0.9245183E+00
  0.9252341E+00
  0.9259305E+00
  0.9266320E+00
  0.9273244E+00
  0.9280108E+00
  0.9286824E+00
  0.9293532E+00
  0.9300215E+00
  0.9306841E+00
  0.9313320E+00
  0.9319732E+00
  0.9326163E+00
  0.9332442E+00
  0.9338634E+00
  0.9344766E+00
  0.9350803E+00
  0.9356857E+00
  0.9362744E+00
  0.9368623E+00
  0.9374452E+00
  0.9380256E+00
  0.9385966E+00
  0.9391573E+00
  0.9397221E+00
  0.9402805E+00
  0.9408268E+00
  0.9413682E+00
  0.9419085E+00
  0.9424299E+00
  0.9429461E+00
  0.9434613E+00
  0.9439673E+00
  0.9444699E+00
  0.9449708E+00
  0.9454678E+00
  0.9459565E+00
  0.9464453E+00
  0.9469313E+00
  0.9474235E+00
  0.9479135E+00
  0.9484068E+00
  0.9488641E+00
  0.9493121E+00
  0.9497505E+00
  0.9501718E+00
  0.9505865E+00
  0.9510143E+00
  0.9514488E+00
  0.9518783E+00
  0.9523104E+00
  0.9527427E+00
  0.9531833E+00
  0.9536149E+00
  0.9540334E+00
  0.9544637E+00
  0.9548933E+00
  0.9553265E+00
  0.9557431E+00
  0.9561620E+00
  0.9565798E+00
  0.9569976E+00
  0.9574118E+00
  0.9578156E+00
  0.9582195E+00
  0.9586205E+00
  0.9590184E+00
  0.9594116E+00
  0.9597989E+00
  0.9601822E+00
  0.9605652E+00
  0.9609473E+00
  0.9613221E+00
  0.9616924E+00
  0.9620631E+00
  0.9624306E+00
  0.9627942E+00
  0.9631548E+00
  0.9635079E+00
  0.9638575E+00
  0.9642077E+00
  0.9645543E+00
  0.9649043E+00
  0.9652450E+00
  0.9655756E+00
  0.9659047E+00
  0.9662338E+00
  0.9665604E+00
  0.9668834E+00
  0.9672043E+00
  0.9675283E+00
  0.9678438E+00
  0.9681591E+00
  0.9684690E+00
  0.9687761E+00
  0.9690775E+00
  0.9693739E+00
  0.9696712E+00
  0.9699627E+00
  0.9702560E+00
  0.9705436E+00
  0.9708313E+00
  0.9711161E+00
  0.9713949E+00
  0.9716746E+00
  0.9719538E+00
  0.9722314E+00
  0.9725023E+00
  0.9727676E+00
  0.9730340E+00
  0.9733011E+00
  0.9735596E+00
  0.9738153E+00
  0.9740674E+00
  0.9743186E+00
  0.9745667E+00
  0.9748113E+00
  0.9750549E+00
  0.9752982E+00
  0.9755478E+00
  0.9757953E+00
  0.9760428E+00
  0.9762866E+00
  0.9765197E+00
  0.9767460E+00
  0.9769634E+00
  0.9771715E+00
  0.9773747E+00
  0.9775835E+00
  0.9777911E+00
  0.9779937E+00
  0.9781997E+00
  0.9784118E+00
  0.9786165E+00
  0.9788235E+00
  0.9790282E+00
  0.9792326E+00
  0.9794366E+00
  0.9796420E+00
  0.9798417E+00
  0.9800386E+00
  0.9802328E+00
  0.9804254E+00
  0.9806176E+00
