 0.59977E-04
 0.59977E-04
 0.59977E-04
 0.59746E-04
 0.59746E-04
 0.59746E-04
 0.59517E-04
 0.59287E-04
 0.59287E-04
 0.59059E-04
 0.58832E-04
 0.58606E-04
 0.58380E-04
 0.57932E-04
 0.57709E-04
 0.57265E-04
 0.57045E-04
 0.56607E-04
 0.56173E-04
 0.55957E-04
 0.55527E-04
 0.54889E-04
 0.54467E-04
 0.54049E-04
 0.53634E-04
 0.53017E-04
 0.52610E-04
 0.52005E-04
 0.51407E-04
 0.50816E-04
 0.50232E-04
 0.49654E-04
 0.49083E-04
 0.48519E-04
 0.47776E-04
 0.47227E-04
 0.46505E-04
 0.45970E-04
 0.45267E-04
 0.44574E-04
 0.43892E-04
 0.43221E-04
 0.42559E-04
 0.41747E-04
 0.41108E-04
 0.40323E-04
 0.39707E-04
 0.38948E-04
 0.38205E-04
 0.37476E-04
 0.36760E-04
 0.36059E-04
 0.35370E-04
 0.34695E-04
 0.33902E-04
 0.33254E-04
 0.32494E-04
 0.31874E-04
 0.31145E-04
 0.30433E-04
 0.29737E-04
 0.29058E-04
 0.28284E-04
 0.27637E-04
 0.27006E-04
 0.26286E-04
 0.25685E-04
 0.25001E-04
 0.24336E-04
 0.23688E-04
 0.23057E-04
 0.22443E-04
 0.21846E-04
 0.21182E-04
 0.20619E-04
 0.19993E-04
 0.19460E-04
 0.18869E-04
 0.18296E-04
 0.17741E-04
 0.17202E-04
 0.16680E-04
 0.16173E-04
 0.15622E-04
 0.15147E-04
 0.14631E-04
 0.14186E-04
 0.13703E-04
 0.13235E-04
 0.12784E-04
 0.12348E-04
 0.11927E-04
 0.11520E-04
 0.11085E-04
 0.10707E-04
 0.10302E-04
 0.99506E-05
 0.95744E-05
 0.92123E-05
 0.88639E-05
 0.85287E-05
 0.82062E-05
 0.78959E-05
 0.75681E-05
 0.72819E-05
 0.69795E-05
 0.67156E-05
 0.64368E-05
 0.61696E-05
 0.59135E-05
 0.56680E-05
 0.54326E-05
 0.52071E-05
 0.49717E-05
 0.47653E-05
 0.45499E-05
 0.43442E-05
 0.41638E-05
 0.39756E-05
 0.37959E-05
 0.36243E-05
 0.34605E-05
 0.32914E-05
 0.31425E-05
 0.29890E-05
 0.28538E-05
 0.27143E-05
 0.25816E-05
 0.24555E-05
 0.23355E-05
 0.22213E-05
 0.21127E-05
 0.20094E-05
 0.19039E-05
 0.18108E-05
 0.17157E-05
 0.16318E-05
 0.15461E-05
 0.14649E-05
 0.13879E-05
 0.13150E-05
 0.12459E-05
 0.11759E-05
 0.11141E-05
 0.10515E-05
 0.99629E-06
 0.94032E-06
 0.88749E-06
 0.83762E-06
 0.79056E-06
 0.74615E-06
 0.70422E-06
 0.66466E-06
 0.62490E-06
 0.58980E-06
 0.55452E-06
 0.52135E-06
 0.49205E-06
 0.46262E-06
 0.43495E-06
 0.40736E-06
 0.38300E-06
 0.36009E-06
 0.33725E-06
 0.31707E-06
 0.29696E-06
 0.27920E-06
 0.26149E-06
 0.24490E-06
 0.22937E-06
 0.21482E-06
 0.20042E-06
 0.18771E-06
 0.17580E-06
 0.16402E-06
 0.15302E-06
 0.14331E-06
 0.13371E-06
 0.12474E-06
 0.11638E-06
 0.10858E-06
 0.10091E-06
 0.94146E-07
 0.87835E-07
 0.81632E-07
 0.75867E-07
 0.70781E-07
 0.65782E-07
 0.61136E-07
 0.56819E-07
 0.52806E-07
 0.48888E-07
 0.45434E-07
 0.42064E-07
 0.39093E-07
 0.36192E-07
 0.33507E-07
 0.31140E-07
 0.28830E-07
 0.26691E-07
 0.24615E-07
 0.22788E-07
 0.21098E-07
 0.19457E-07
 0.18013E-07
 0.16612E-07
 0.15321E-07
 0.14129E-07
 0.13031E-07
 0.12017E-07
 0.11083E-07
 0.10221E-07
 0.93898E-08
 0.86597E-08
 0.79556E-08
 0.73370E-08
 0.67403E-08
 0.61923E-08
 0.56888E-08
 0.52262E-08
 0.48012E-08
 0.43940E-08
 0.40367E-08
 0.36941E-08
 0.33938E-08
 0.31059E-08
 0.28423E-08
 0.26012E-08
 0.23805E-08
 0.21785E-08
 0.19937E-08
 0.18245E-08
 0.16633E-08
 0.15221E-08
 0.13877E-08
 0.12699E-08
 0.11577E-08
 0.10554E-08
 0.96214E-09
 0.87711E-09
 0.79960E-09
 0.72615E-09
 0.66197E-09
 0.60115E-09
 0.54804E-09
 0.49768E-09
 0.45197E-09
 0.41044E-09
 0.37273E-09
 0.33848E-09
 0.30739E-09
 0.27807E-09
 0.25252E-09
 0.22844E-09
 0.20746E-09
 0.18767E-09
 0.16977E-09
 0.15358E-09
 0.13894E-09
 0.12569E-09
 0.11370E-09
 0.10286E-09
 0.92688E-10
 0.83849E-10
 0.75561E-10
 0.68091E-10
 0.61361E-10
 0.55296E-10
 0.49830E-10
 0.44904E-10
 0.40465E-10
 0.36465E-10
 0.32734E-10
 0.29499E-10
 0.26480E-10
 0.23771E-10
 0.21339E-10
 0.19156E-10
 0.17196E-10
 0.15436E-10
 0.13857E-10
 0.12439E-10
 0.11124E-10
 0.99470E-11
 0.89291E-11
 0.79848E-11
 0.71402E-11
 0.63850E-11
 0.57097E-11
 0.51058E-11
 0.45658E-11
 0.40671E-11
 0.36369E-11
 0.32397E-11
 0.28971E-11
 0.25807E-11
 0.22989E-11
 0.20478E-11
 0.18242E-11
 0.16249E-11
 0.14419E-11
 0.12844E-11
 0.11398E-11
 0.10153E-11
 0.90093E-12
 0.79945E-12
 0.71215E-12
 0.63194E-12
 0.55860E-12
 0.49568E-12
 0.43984E-12
 0.39030E-12
 0.34501E-12
 0.30497E-12
 0.27062E-12
 0.23921E-12
 0.21145E-12
 0.18691E-12
 0.16522E-12
 0.14605E-12
 0.12860E-12
 0.11368E-12
 0.10048E-12
 0.88481E-13
 0.77912E-13
 0.68605E-13
 0.60411E-13
 0.53194E-13
 0.46840E-13
 0.41245E-13
 0.36318E-13
 0.31857E-13
 0.28051E-13
 0.24605E-13
 0.21583E-13
 0.19005E-13
 0.16670E-13
 0.14623E-13
 0.12826E-13
 0.11208E-13
 0.98307E-14
 0.86231E-14
 0.75347E-14
 0.65838E-14
 0.57750E-14
 0.50461E-14
 0.44092E-14
 0.38527E-14
 0.33664E-14
 0.29415E-14
 0.25604E-14
 0.22372E-14
 0.19473E-14
 0.17016E-14
 0.14811E-14
 0.12892E-14
 0.11221E-14
 0.97671E-15
 0.85016E-15
 0.73999E-15
 0.64163E-15
 0.55849E-15
 0.48426E-15
 0.42151E-15
 0.36548E-15
 0.31689E-15
 0.27477E-15
 0.23825E-15
 0.20658E-15
 0.17843E-15
 0.15471E-15
 0.13414E-15
 0.11587E-15
 0.10008E-15
 0.86776E-16
 0.74951E-16
 0.64738E-16
 0.55917E-16
 0.48298E-16
 0.41556E-16
 0.35894E-16
 0.30884E-16
 0.26675E-16
 0.22952E-16
 0.19748E-16
 0.17057E-16
 0.14676E-16
 0.12579E-16
 0.10823E-16
 0.93124E-17
 0.80125E-17
 0.68677E-17
 0.59090E-17
 0.50646E-17
 0.43409E-17
 0.37206E-17
 0.31889E-17
 0.27333E-17
 0.23427E-17
 0.20080E-17
