 0.000E+00
 0.000E+00
 0.000E+00
 0.000E+00
 0.000E+00
 0.000E+00
 0.000E+00
 0.000E+00
 0.000E+00
 0.000E+00
 0.000E+00
 0.000E+00
 0.000E+00
 0.000E+00
 0.000E+00
 0.000E+00
 0.000E+00
 0.000E+00
 0.000E+00
 0.000E+00
 0.000E+00
 0.000E+00
 0.000E+00
 0.000E+00
 0.000E+00
 0.000E+00
 0.000E+00
 0.000E+00
 0.000E+00
 0.000E+00
 0.000E+00
 0.000E+00
 0.000E+00
 0.000E+00
 0.000E+00
 0.000E+00
 0.000E+00
 0.000E+00
 0.000E+00
 0.000E+00
 0.000E+00
 0.000E+00
 0.000E+00
 0.000E+00
 0.000E+00
 0.000E+00
 0.000E+00
 0.000E+00
 0.000E+00
 0.000E+00
 0.000E+00
 0.000E+00
 0.000E+00
 0.000E+00
 0.000E+00
 0.000E+00
 0.000E+00
 0.000E+00
 0.000E+00
 0.000E+00
 0.000E+00
 0.000E+00
 0.000E+00
 0.000E+00
 0.000E+00
 0.000E+00
 0.000E+00
 0.000E+00
 0.000E+00
 0.000E+00
 0.000E+00
 0.000E+00
 0.000E+00
 0.000E+00
 0.000E+00
 0.000E+00
 0.000E+00
 0.000E+00
 0.000E+00
 0.000E+00
 0.000E+00
 0.000E+00
 0.000E+00
 0.000E+00
 0.000E+00
 0.000E+00
 0.000E+00
 0.000E+00
 0.000E+00
 0.000E+00
 0.000E+00
 0.000E+00
 0.000E+00
 0.000E+00
 0.000E+00
 0.000E+00
 0.000E+00
 0.000E+00
 0.000E+00
 0.000E+00
 0.000E+00
 0.000E+00
 0.000E+00
 0.000E+00
 0.000E+00
 0.000E+00
 0.000E+00
 0.000E+00
 0.000E+00
 0.000E+00
 0.000E+00
 0.000E+00
 0.000E+00
 0.000E+00
 0.000E+00
 0.000E+00
 0.384E-24
 0.330E-23
 0.209E-22
 0.120E-21
 0.667E-21
 0.359E-20
 0.189E-19
 0.963E-19
 0.478E-18
 0.231E-17
 0.109E-16
 0.498E-16
 0.222E-15
 0.963E-15
 0.406E-14
 0.167E-13
 0.667E-13
 0.260E-12
 0.983E-12
 0.362E-11
 0.130E-10
 0.454E-10
 0.154E-09
 0.510E-09
 0.164E-08
 0.515E-08
 0.157E-07
 0.467E-07
 0.135E-06
 0.381E-06
 0.105E-05
 0.278E-05
 0.702E-05
 0.167E-04
 0.392E-04
 0.923E-04
 0.215E-03
 0.487E-03
 0.108E-02
 0.233E-02
 0.490E-02
 0.100E-01
 0.200E-01
 0.390E-01
 0.739E-01
 0.137E+00
 0.246E+00
 0.433E+00
 0.742E+00
 0.124E+01
 0.202E+01
 0.322E+01
 0.500E+01
 0.758E+01
 0.112E+02
 0.162E+02
 0.229E+02
 0.316E+02
 0.425E+02
 0.561E+02
 0.722E+02
 0.911E+02
 0.112E+03
 0.136E+03
 0.160E+03
 0.186E+03
 0.211E+03
 0.235E+03
 0.257E+03
 0.276E+03
 0.292E+03
 0.303E+03
 0.309E+03
 0.311E+03
 0.308E+03
 0.301E+03
 0.291E+03
 0.278E+03
 0.263E+03
 0.247E+03
 0.229E+03
 0.212E+03
 0.195E+03
 0.179E+03
 0.163E+03
 0.148E+03
 0.134E+03
 0.121E+03
 0.109E+03
 0.981E+02
 0.878E+02
 0.782E+02
 0.694E+02
 0.613E+02
 0.539E+02
 0.473E+02
 0.412E+02
 0.358E+02
 0.310E+02
 0.267E+02
 0.228E+02
 0.193E+02
 0.162E+02
 0.133E+02
 0.106E+02
 0.815E+01
 0.583E+01
 0.367E+01
 0.165E+01
-0.223E+00
-0.194E+01
-0.351E+01
-0.494E+01
-0.623E+01
-0.740E+01
-0.848E+01
-0.948E+01
-0.104E+02
-0.113E+02
-0.122E+02
-0.131E+02
-0.140E+02
-0.148E+02
-0.156E+02
-0.164E+02
-0.171E+02
-0.178E+02
-0.185E+02
-0.190E+02
-0.196E+02
-0.201E+02
-0.205E+02
-0.210E+02
-0.214E+02
-0.218E+02
-0.223E+02
-0.227E+02
-0.231E+02
-0.235E+02
-0.239E+02
-0.242E+02
-0.245E+02
-0.248E+02
-0.251E+02
-0.253E+02
-0.255E+02
-0.256E+02
-0.258E+02
-0.259E+02
-0.261E+02
-0.262E+02
-0.263E+02
-0.265E+02
-0.266E+02
-0.267E+02
-0.268E+02
-0.268E+02
-0.269E+02
-0.269E+02
-0.268E+02
-0.268E+02
-0.268E+02
-0.267E+02
-0.266E+02
-0.265E+02
-0.264E+02
-0.264E+02
-0.263E+02
-0.262E+02
-0.261E+02
-0.260E+02
-0.259E+02
-0.257E+02
-0.256E+02
-0.254E+02
-0.252E+02
-0.250E+02
-0.248E+02
-0.246E+02
-0.244E+02
-0.241E+02
-0.239E+02
-0.237E+02
-0.235E+02
-0.233E+02
-0.230E+02
-0.228E+02
-0.225E+02
-0.223E+02
-0.220E+02
-0.217E+02
-0.214E+02
-0.211E+02
-0.208E+02
-0.205E+02
-0.202E+02
-0.199E+02
-0.196E+02
-0.193E+02
-0.190E+02
-0.187E+02
-0.184E+02
-0.181E+02
-0.177E+02
-0.174E+02
-0.171E+02
-0.167E+02
-0.164E+02
-0.161E+02
-0.157E+02
-0.154E+02
-0.150E+02
-0.147E+02
-0.143E+02
-0.140E+02
-0.137E+02
-0.133E+02
-0.130E+02
-0.126E+02
-0.123E+02
-0.119E+02
-0.116E+02
-0.112E+02
-0.109E+02
-0.105E+02
-0.102E+02
-0.986E+01
-0.953E+01
-0.920E+01
-0.887E+01
-0.854E+01
-0.821E+01
-0.789E+01
-0.756E+01
-0.723E+01
-0.690E+01
-0.656E+01
-0.623E+01
-0.590E+01
-0.557E+01
-0.525E+01
-0.493E+01
-0.462E+01
-0.431E+01
-0.400E+01
-0.370E+01
-0.341E+01
-0.311E+01
-0.282E+01
-0.253E+01
-0.224E+01
-0.195E+01
-0.166E+01
-0.138E+01
-0.110E+01
-0.825E+00
-0.557E+00
-0.294E+00
-0.365E-01
 0.216E+00
 0.465E+00
 0.711E+00
 0.955E+00
 0.120E+01
 0.144E+01
 0.168E+01
 0.192E+01
 0.215E+01
 0.239E+01
 0.262E+01
 0.284E+01
 0.306E+01
 0.328E+01
 0.348E+01
 0.369E+01
 0.389E+01
 0.408E+01
 0.427E+01
 0.446E+01
 0.464E+01
 0.482E+01
 0.500E+01
 0.517E+01
 0.535E+01
 0.551E+01
 0.568E+01
 0.584E+01
 0.599E+01
 0.614E+01
 0.629E+01
 0.643E+01
 0.657E+01
 0.670E+01
 0.684E+01
 0.697E+01
 0.709E+01
 0.722E+01
 0.734E+01
 0.747E+01
 0.758E+01
 0.770E+01
 0.781E+01
 0.791E+01
 0.801E+01
 0.811E+01
 0.820E+01
 0.829E+01
 0.837E+01
 0.845E+01
 0.853E+01
 0.860E+01
 0.868E+01
 0.874E+01
 0.881E+01
 0.887E+01
 0.893E+01
 0.898E+01
 0.902E+01
 0.906E+01
 0.910E+01
 0.913E+01
 0.916E+01
 0.919E+01
 0.921E+01
 0.923E+01
 0.924E+01
 0.926E+01
 0.927E+01
 0.928E+01
 0.929E+01
 0.930E+01
 0.930E+01
 0.930E+01
 0.929E+01
 0.928E+01
 0.927E+01
 0.926E+01
 0.924E+01
 0.922E+01
 0.920E+01
 0.918E+01
 0.915E+01
 0.913E+01
 0.910E+01
 0.907E+01
 0.904E+01
 0.900E+01
 0.897E+01
 0.893E+01
 0.889E+01
 0.884E+01
 0.880E+01
 0.875E+01
 0.870E+01
 0.864E+01
 0.859E+01
 0.854E+01
 0.848E+01
 0.842E+01
 0.837E+01
 0.831E+01
 0.825E+01
 0.819E+01
 0.812E+01
 0.806E+01
 0.799E+01
 0.792E+01
 0.785E+01
 0.778E+01
 0.771E+01
 0.763E+01
 0.756E+01
 0.748E+01
 0.741E+01
 0.733E+01
 0.725E+01
 0.717E+01
 0.709E+01
 0.700E+01
 0.692E+01
 0.683E+01
 0.674E+01
 0.666E+01
 0.656E+01
 0.647E+01
 0.638E+01
 0.629E+01
 0.620E+01
 0.610E+01
 0.601E+01
 0.592E+01
 0.582E+01
 0.573E+01
 0.563E+01
 0.553E+01
 0.544E+01
 0.534E+01
 0.524E+01
 0.515E+01
 0.505E+01
 0.495E+01
 0.486E+01
 0.476E+01
 0.467E+01
 0.458E+01
 0.448E+01
 0.439E+01
 0.430E+01
 0.420E+01
 0.411E+01
 0.401E+01
 0.392E+01
 0.383E+01
 0.373E+01
 0.364E+01
 0.354E+01
 0.345E+01
 0.335E+01
 0.326E+01
 0.317E+01
 0.308E+01
 0.298E+01
 0.289E+01
 0.280E+01
 0.270E+01
 0.261E+01
 0.252E+01
 0.243E+01
 0.233E+01
 0.224E+01
 0.215E+01
 0.206E+01
 0.197E+01
 0.188E+01
 0.180E+01
 0.171E+01
 0.163E+01
 0.154E+01
 0.146E+01
 0.138E+01
 0.130E+01
 0.122E+01
 0.114E+01
 0.106E+01
 0.984E+00
 0.908E+00
 0.834E+00
 0.760E+00
 0.688E+00
 0.617E+00
 0.546E+00
 0.477E+00
 0.408E+00
 0.340E+00
 0.273E+00
 0.206E+00
 0.139E+00
 0.729E-01
 0.735E-02
-0.575E-01
-0.122E+00
-0.185E+00
-0.247E+00
-0.309E+00
-0.369E+00
-0.429E+00
-0.487E+00
-0.545E+00
-0.602E+00
-0.657E+00
-0.712E+00
-0.767E+00
-0.820E+00
-0.872E+00
-0.923E+00
-0.973E+00
-0.102E+01
-0.107E+01
-0.112E+01
-0.116E+01
-0.121E+01
-0.125E+01
-0.129E+01
-0.133E+01
-0.137E+01
-0.141E+01
-0.145E+01
-0.148E+01
-0.152E+01
-0.156E+01
-0.159E+01
-0.162E+01
-0.166E+01
-0.169E+01
-0.172E+01
-0.175E+01
-0.177E+01
-0.180E+01
-0.183E+01
-0.185E+01
-0.188E+01
-0.190E+01
-0.193E+01
-0.195E+01
-0.197E+01
-0.199E+01
-0.201E+01
-0.203E+01
-0.205E+01
-0.207E+01
-0.209E+01
-0.210E+01
-0.212E+01
-0.213E+01
-0.214E+01
-0.216E+01
-0.217E+01
-0.218E+01
-0.219E+01
-0.220E+01
-0.221E+01
-0.221E+01
-0.222E+01
-0.223E+01
-0.223E+01
-0.224E+01
-0.224E+01
-0.224E+01
-0.225E+01
-0.225E+01
-0.225E+01
-0.225E+01
-0.225E+01
-0.225E+01
-0.225E+01
-0.225E+01
-0.225E+01
-0.225E+01
-0.224E+01
-0.224E+01
-0.223E+01
-0.222E+01
-0.222E+01
-0.221E+01
-0.220E+01
-0.219E+01
-0.218E+01
-0.217E+01
-0.216E+01
-0.215E+01
-0.214E+01
-0.212E+01
-0.211E+01
-0.210E+01
-0.209E+01
-0.207E+01
-0.206E+01
-0.205E+01
-0.203E+01
-0.202E+01
-0.200E+01
-0.199E+01
-0.197E+01
-0.196E+01
-0.194E+01
-0.193E+01
-0.191E+01
-0.189E+01
-0.188E+01
-0.186E+01
-0.184E+01
-0.183E+01
-0.181E+01
-0.179E+01
-0.177E+01
-0.175E+01
-0.173E+01
-0.171E+01
-0.169E+01
-0.167E+01
-0.165E+01
-0.163E+01
-0.161E+01
-0.159E+01
-0.156E+01
-0.154E+01
-0.152E+01
-0.150E+01
-0.148E+01
-0.146E+01
-0.143E+01
-0.141E+01
-0.139E+01
-0.137E+01
-0.135E+01
-0.132E+01
-0.130E+01
-0.128E+01
-0.126E+01
-0.124E+01
-0.121E+01
-0.119E+01
-0.117E+01
-0.115E+01
-0.112E+01
-0.110E+01
-0.108E+01
-0.106E+01
-0.103E+01
-0.101E+01
-0.989E+00
-0.967E+00
-0.945E+00
-0.923E+00
-0.901E+00
-0.879E+00
-0.858E+00
-0.836E+00
-0.815E+00
-0.793E+00
-0.772E+00
-0.751E+00
-0.730E+00
-0.710E+00
-0.689E+00
-0.668E+00
-0.648E+00
-0.628E+00
-0.608E+00
-0.587E+00
-0.567E+00
-0.547E+00
-0.527E+00
-0.507E+00
-0.488E+00
-0.468E+00
-0.448E+00
-0.429E+00
-0.410E+00
-0.391E+00
-0.372E+00
-0.353E+00
-0.334E+00
-0.315E+00
-0.297E+00
-0.279E+00
-0.260E+00
-0.242E+00
-0.224E+00
-0.207E+00
-0.189E+00
-0.172E+00
-0.155E+00
-0.139E+00
-0.122E+00
-0.106E+00
-0.906E-01
-0.753E-01
-0.604E-01
-0.457E-01
-0.313E-01
-0.172E-01
-0.330E-02
 0.103E-01
 0.238E-01
 0.370E-01
 0.500E-01
 0.629E-01
 0.755E-01
 0.880E-01
 0.100E+00
 0.112E+00
 0.124E+00
 0.136E+00
 0.148E+00
 0.159E+00
 0.170E+00
 0.181E+00
 0.192E+00
 0.202E+00
 0.212E+00
 0.222E+00
 0.231E+00
 0.241E+00
 0.250E+00
 0.258E+00
 0.267E+00
 0.275E+00
 0.283E+00
 0.291E+00
 0.298E+00
 0.306E+00
 0.313E+00
 0.321E+00
 0.328E+00
 0.335E+00
 0.342E+00
 0.349E+00
 0.355E+00
 0.362E+00
 0.368E+00
 0.374E+00
 0.380E+00
 0.385E+00
 0.391E+00
 0.396E+00
 0.401E+00
 0.405E+00
 0.409E+00
 0.413E+00
 0.417E+00
 0.421E+00
 0.424E+00
 0.427E+00
 0.430E+00
 0.432E+00
 0.435E+00
 0.437E+00
 0.439E+00
 0.440E+00
 0.442E+00
 0.443E+00
 0.445E+00
 0.446E+00
 0.447E+00
 0.448E+00
 0.449E+00
 0.449E+00
 0.450E+00
 0.450E+00
 0.450E+00
 0.450E+00
 0.450E+00
 0.450E+00
 0.449E+00
 0.449E+00
 0.448E+00
 0.448E+00
 0.447E+00
 0.446E+00
 0.445E+00
 0.444E+00
 0.442E+00
 0.441E+00
 0.440E+00
 0.438E+00
 0.436E+00
 0.434E+00
 0.432E+00
 0.430E+00
 0.428E+00
 0.426E+00
 0.423E+00
 0.421E+00
 0.418E+00
 0.416E+00
 0.413E+00
 0.410E+00
 0.407E+00
 0.404E+00
 0.401E+00
 0.398E+00
 0.395E+00
 0.392E+00
 0.388E+00
 0.385E+00
 0.381E+00
 0.378E+00
 0.374E+00
 0.370E+00
 0.367E+00
 0.363E+00
 0.359E+00
 0.355E+00
 0.351E+00
 0.347E+00
 0.343E+00
 0.338E+00
 0.334E+00
 0.330E+00
 0.325E+00
 0.321E+00
 0.316E+00
 0.311E+00
 0.307E+00
 0.302E+00
 0.297E+00
 0.292E+00
 0.287E+00
 0.282E+00
 0.277E+00
 0.272E+00
 0.267E+00
 0.262E+00
 0.257E+00
 0.252E+00
 0.246E+00
 0.241E+00
 0.236E+00
 0.231E+00
 0.226E+00
 0.221E+00
 0.216E+00
 0.212E+00
 0.207E+00
 0.202E+00
 0.197E+00
 0.193E+00
 0.188E+00
 0.183E+00
 0.179E+00
 0.174E+00
 0.170E+00
 0.165E+00
 0.161E+00
 0.156E+00
 0.152E+00
 0.147E+00
 0.143E+00
 0.138E+00
 0.134E+00
 0.129E+00
 0.125E+00
 0.120E+00
 0.115E+00
 0.111E+00
 0.106E+00
 0.102E+00
 0.970E-01
 0.925E-01
 0.880E-01
 0.836E-01
 0.792E-01
 0.749E-01
 0.706E-01
 0.663E-01
 0.622E-01
 0.580E-01
 0.540E-01
 0.499E-01
 0.460E-01
 0.421E-01
 0.383E-01
 0.345E-01
 0.308E-01
 0.271E-01
 0.235E-01
 0.200E-01
 0.165E-01
 0.130E-01
 0.960E-02
 0.622E-02
 0.287E-02
-0.443E-03
-0.372E-02
-0.696E-02
-0.101E-01
-0.133E-01
-0.164E-01
-0.194E-01
-0.224E-01
-0.253E-01
-0.281E-01
-0.309E-01
-0.337E-01
-0.364E-01
-0.390E-01
-0.416E-01
-0.442E-01
-0.467E-01
-0.492E-01
-0.516E-01
-0.541E-01
-0.564E-01
-0.588E-01
-0.611E-01
-0.634E-01
-0.657E-01
-0.679E-01
-0.700E-01
-0.721E-01
-0.742E-01
-0.763E-01
-0.783E-01
-0.802E-01
-0.821E-01
-0.840E-01
-0.858E-01
-0.875E-01
-0.892E-01
-0.909E-01
-0.925E-01
-0.940E-01
-0.954E-01
-0.968E-01
-0.982E-01
-0.995E-01
-0.101E+00
-0.102E+00
-0.103E+00
-0.104E+00
-0.105E+00
-0.106E+00
-0.107E+00
-0.108E+00
-0.108E+00
-0.109E+00
-0.110E+00
-0.111E+00
-0.111E+00
-0.112E+00
-0.112E+00
-0.113E+00
-0.113E+00
-0.114E+00
-0.114E+00
-0.114E+00
-0.115E+00
-0.115E+00
-0.115E+00
-0.115E+00
-0.115E+00
-0.116E+00
-0.116E+00
-0.116E+00
-0.116E+00
-0.116E+00
-0.116E+00
-0.115E+00
-0.115E+00
-0.115E+00
-0.115E+00
-0.115E+00
-0.114E+00
-0.114E+00
-0.114E+00
-0.113E+00
-0.113E+00
-0.113E+00
-0.112E+00
-0.112E+00
-0.111E+00
-0.110E+00
-0.110E+00
-0.109E+00
-0.109E+00
-0.108E+00
-0.107E+00
-0.107E+00
-0.106E+00
-0.106E+00
-0.105E+00
-0.104E+00
-0.103E+00
-0.103E+00
-0.102E+00
-0.101E+00
-0.100E+00
-0.996E-01
-0.988E-01
-0.980E-01
-0.971E-01
-0.963E-01
-0.954E-01
-0.945E-01
-0.935E-01
-0.926E-01
-0.916E-01
-0.906E-01
-0.896E-01
-0.886E-01
-0.875E-01
-0.865E-01
-0.854E-01
-0.843E-01
-0.832E-01
-0.821E-01
-0.810E-01
-0.799E-01
-0.788E-01
-0.777E-01
-0.766E-01
-0.755E-01
-0.743E-01
-0.732E-01
-0.721E-01
-0.709E-01
-0.698E-01
-0.687E-01
-0.676E-01
-0.664E-01
-0.653E-01
-0.642E-01
-0.630E-01
-0.619E-01
-0.607E-01
-0.595E-01
-0.584E-01
-0.572E-01
-0.560E-01
-0.547E-01
-0.535E-01
-0.523E-01
-0.510E-01
-0.498E-01
-0.486E-01
-0.473E-01
-0.461E-01
-0.449E-01
-0.436E-01
-0.424E-01
-0.412E-01
-0.400E-01
-0.388E-01
-0.377E-01
-0.365E-01
-0.354E-01
-0.342E-01
-0.331E-01
-0.320E-01
-0.309E-01
-0.298E-01
-0.288E-01
-0.277E-01
-0.267E-01
-0.257E-01
-0.247E-01
-0.237E-01
-0.227E-01
-0.217E-01
-0.207E-01
-0.197E-01
-0.187E-01
-0.178E-01
-0.168E-01
-0.159E-01
-0.149E-01
-0.140E-01
-0.130E-01
-0.121E-01
-0.112E-01
-0.103E-01
-0.934E-02
-0.844E-02
-0.754E-02
-0.665E-02
-0.577E-02
-0.489E-02
-0.403E-02
-0.319E-02
-0.235E-02
-0.153E-02
-0.730E-03
 0.601E-04
 0.836E-03
 0.160E-02
 0.235E-02
 0.309E-02
 0.382E-02
 0.454E-02
 0.525E-02
 0.595E-02
 0.665E-02
 0.734E-02
 0.802E-02
 0.869E-02
 0.935E-02
 0.100E-01
 0.106E-01
 0.113E-01
 0.119E-01
 0.125E-01
 0.131E-01
 0.137E-01
 0.143E-01
 0.148E-01
 0.153E-01
 0.159E-01
 0.164E-01
 0.169E-01
 0.173E-01
 0.178E-01
 0.182E-01
 0.186E-01
 0.190E-01
 0.194E-01
 0.198E-01
 0.201E-01
 0.205E-01
 0.208E-01
 0.211E-01
 0.214E-01
 0.216E-01
 0.219E-01
 0.221E-01
 0.224E-01
 0.226E-01
 0.228E-01
 0.231E-01
 0.233E-01
 0.235E-01
 0.237E-01
 0.239E-01
 0.241E-01
 0.243E-01
 0.245E-01
 0.247E-01
 0.248E-01
 0.250E-01
 0.252E-01
 0.253E-01
 0.255E-01
 0.256E-01
 0.257E-01
 0.259E-01
 0.260E-01
 0.261E-01
 0.262E-01
 0.263E-01
 0.264E-01
 0.264E-01
 0.265E-01
 0.265E-01
 0.266E-01
 0.266E-01
 0.266E-01
 0.266E-01
 0.266E-01
 0.265E-01
 0.265E-01
 0.264E-01
 0.264E-01
 0.263E-01
 0.262E-01
 0.261E-01
 0.260E-01
 0.259E-01
 0.258E-01
 0.257E-01
 0.256E-01
 0.254E-01
 0.253E-01
 0.252E-01
 0.251E-01
 0.249E-01
 0.248E-01
 0.247E-01
 0.245E-01
 0.244E-01
 0.242E-01
 0.241E-01
 0.239E-01
 0.238E-01
 0.236E-01
 0.235E-01
 0.233E-01
 0.231E-01
 0.230E-01
 0.228E-01
 0.226E-01
 0.224E-01
 0.222E-01
 0.221E-01
 0.219E-01
 0.217E-01
 0.215E-01
 0.213E-01
 0.210E-01
 0.208E-01
 0.206E-01
 0.204E-01
 0.201E-01
 0.199E-01
 0.196E-01
 0.194E-01
 0.191E-01
 0.188E-01
 0.185E-01
 0.183E-01
 0.180E-01
 0.177E-01
 0.174E-01
 0.171E-01
 0.168E-01
 0.165E-01
 0.163E-01
 0.160E-01
 0.157E-01
 0.154E-01
 0.151E-01
 0.149E-01
 0.146E-01
 0.143E-01
 0.141E-01
 0.138E-01
 0.136E-01
 0.133E-01
 0.131E-01
 0.128E-01
 0.126E-01
 0.123E-01
 0.121E-01
 0.119E-01
 0.116E-01
 0.114E-01
 0.111E-01
 0.108E-01
 0.106E-01
 0.103E-01
 0.101E-01
 0.978E-02
 0.952E-02
 0.925E-02
 0.897E-02
 0.870E-02
 0.843E-02
 0.816E-02
 0.789E-02
 0.762E-02
 0.735E-02
 0.708E-02
 0.682E-02
 0.656E-02
 0.630E-02
 0.605E-02
 0.580E-02
 0.555E-02
 0.531E-02
 0.508E-02
 0.484E-02
 0.462E-02
 0.439E-02
 0.417E-02
 0.396E-02
 0.375E-02
 0.354E-02
 0.333E-02
 0.312E-02
 0.292E-02
 0.271E-02
 0.251E-02
 0.231E-02
 0.211E-02
 0.192E-02
 0.172E-02
 0.153E-02
 0.134E-02
 0.115E-02
 0.958E-03
 0.773E-03
 0.590E-03
 0.410E-03
 0.232E-03
 0.572E-04
-0.115E-03
-0.284E-03
-0.450E-03
-0.614E-03
-0.775E-03
-0.933E-03
-0.109E-02
-0.124E-02
-0.139E-02
-0.154E-02
-0.168E-02
-0.182E-02
-0.196E-02
-0.210E-02
-0.223E-02
-0.235E-02
-0.248E-02
-0.259E-02
-0.271E-02
-0.282E-02
-0.293E-02
-0.303E-02
-0.314E-02
-0.324E-02
-0.333E-02
-0.343E-02
-0.353E-02
-0.362E-02
-0.371E-02
-0.380E-02
-0.390E-02
-0.398E-02
-0.407E-02
-0.416E-02
-0.424E-02
-0.432E-02
-0.440E-02
-0.448E-02
-0.455E-02
-0.462E-02
-0.469E-02
-0.476E-02
-0.482E-02
-0.489E-02
-0.495E-02
-0.500E-02
-0.506E-02
-0.511E-02
-0.516E-02
-0.521E-02
-0.525E-02
-0.529E-02
-0.533E-02
-0.537E-02
-0.540E-02
-0.543E-02
-0.546E-02
-0.549E-02
-0.551E-02
-0.553E-02
-0.554E-02
-0.556E-02
-0.557E-02
-0.557E-02
-0.558E-02
-0.558E-02
-0.558E-02
-0.557E-02
-0.557E-02
-0.556E-02
-0.556E-02
-0.555E-02
-0.554E-02
-0.554E-02
-0.553E-02
-0.552E-02
-0.551E-02
-0.550E-02
-0.549E-02
-0.548E-02
-0.547E-02
-0.545E-02
-0.544E-02
-0.542E-02
-0.540E-02
-0.538E-02
-0.536E-02
-0.534E-02
-0.531E-02
-0.528E-02
-0.525E-02
-0.522E-02
-0.519E-02
-0.516E-02
-0.513E-02
-0.509E-02
-0.505E-02
-0.502E-02
-0.498E-02
-0.493E-02
-0.489E-02
-0.485E-02
-0.481E-02
-0.476E-02
-0.471E-02
-0.467E-02
-0.462E-02
-0.457E-02
-0.452E-02
-0.447E-02
-0.442E-02
-0.437E-02
-0.432E-02
-0.427E-02
-0.421E-02
-0.416E-02
-0.411E-02
-0.405E-02
-0.400E-02
-0.394E-02
-0.388E-02
-0.383E-02
-0.377E-02
-0.371E-02
-0.365E-02
-0.359E-02
-0.353E-02
-0.347E-02
-0.341E-02
-0.335E-02
-0.329E-02
-0.323E-02
-0.317E-02
-0.311E-02
-0.305E-02
-0.299E-02
-0.293E-02
-0.287E-02
-0.282E-02
-0.276E-02
-0.270E-02
-0.264E-02
-0.258E-02
-0.252E-02
-0.247E-02
-0.241E-02
-0.235E-02
-0.229E-02
-0.223E-02
-0.217E-02
-0.212E-02
-0.206E-02
-0.200E-02
-0.194E-02
-0.188E-02
-0.182E-02
-0.176E-02
-0.170E-02
-0.164E-02
-0.158E-02
-0.151E-02
-0.145E-02
-0.139E-02
-0.133E-02
-0.127E-02
-0.121E-02
-0.115E-02
-0.109E-02
-0.104E-02
-0.982E-03
-0.928E-03
-0.875E-03
-0.823E-03
-0.772E-03
-0.722E-03
-0.673E-03
-0.624E-03
-0.576E-03
-0.529E-03
-0.482E-03
-0.435E-03
-0.389E-03
-0.343E-03
-0.297E-03
-0.253E-03
-0.208E-03
-0.164E-03
-0.121E-03
-0.785E-04
-0.367E-04
 0.445E-05
 0.449E-04
 0.846E-04
 0.124E-03
 0.162E-03
 0.200E-03
 0.237E-03
 0.274E-03
 0.311E-03
 0.347E-03
 0.383E-03
 0.418E-03
 0.454E-03
 0.489E-03
 0.524E-03
 0.558E-03
 0.592E-03
 0.626E-03
 0.659E-03
 0.691E-03
 0.722E-03
 0.752E-03
 0.781E-03
 0.809E-03
 0.836E-03
 0.862E-03
 0.887E-03
 0.911E-03
 0.934E-03
 0.956E-03
 0.977E-03
 0.998E-03
 0.102E-02
 0.104E-02
 0.106E-02
 0.108E-02
 0.110E-02
 0.112E-02
 0.114E-02
 0.116E-02
 0.117E-02
 0.119E-02
 0.121E-02
 0.123E-02
 0.125E-02
 0.126E-02
 0.128E-02
 0.130E-02
 0.131E-02
 0.132E-02
 0.134E-02
 0.135E-02
 0.136E-02
 0.137E-02
 0.137E-02
 0.138E-02
 0.139E-02
 0.139E-02
 0.140E-02
 0.141E-02
 0.141E-02
 0.142E-02
 0.142E-02
 0.142E-02
 0.143E-02
 0.143E-02
 0.144E-02
 0.144E-02
 0.145E-02
 0.145E-02
 0.145E-02
 0.146E-02
 0.146E-02
 0.146E-02
 0.146E-02
 0.146E-02
 0.146E-02
 0.146E-02
 0.146E-02
 0.146E-02
 0.146E-02
 0.146E-02
 0.145E-02
 0.145E-02
 0.144E-02
 0.144E-02
 0.143E-02
 0.143E-02
 0.142E-02
 0.141E-02
 0.140E-02
 0.140E-02
 0.139E-02
 0.138E-02
 0.137E-02
 0.137E-02
 0.136E-02
 0.135E-02
 0.134E-02
 0.133E-02
 0.133E-02
 0.132E-02
 0.131E-02
 0.130E-02
 0.129E-02
 0.129E-02
 0.128E-02
 0.127E-02
 0.126E-02
 0.125E-02
 0.124E-02
 0.122E-02
 0.121E-02
 0.120E-02
 0.119E-02
 0.117E-02
 0.116E-02
 0.115E-02
 0.113E-02
 0.112E-02
 0.110E-02
 0.109E-02
 0.107E-02
 0.106E-02
 0.104E-02
 0.103E-02
 0.102E-02
 0.100E-02
 0.988E-03
 0.974E-03
 0.960E-03
 0.946E-03
 0.933E-03
 0.919E-03
 0.905E-03
 0.892E-03
 0.878E-03
 0.864E-03
 0.851E-03
 0.837E-03
 0.823E-03
 0.809E-03
 0.796E-03
 0.782E-03
 0.768E-03
 0.754E-03
 0.741E-03
 0.727E-03
 0.713E-03
 0.699E-03
 0.686E-03
 0.672E-03
 0.658E-03
 0.644E-03
 0.630E-03
 0.616E-03
 0.602E-03
 0.587E-03
 0.573E-03
 0.559E-03
 0.544E-03
 0.530E-03
 0.516E-03
 0.502E-03
 0.488E-03
 0.474E-03
 0.460E-03
 0.446E-03
 0.433E-03
 0.419E-03
 0.405E-03
 0.392E-03
 0.379E-03
 0.365E-03
 0.352E-03
 0.338E-03
 0.325E-03
 0.312E-03
 0.298E-03
 0.285E-03
 0.272E-03
 0.259E-03
 0.246E-03
 0.233E-03
 0.220E-03
 0.208E-03
 0.196E-03
 0.184E-03
 0.172E-03
 0.160E-03
 0.148E-03
 0.137E-03
 0.126E-03
 0.115E-03
 0.104E-03
 0.930E-04
 0.825E-04
 0.721E-04
 0.619E-04
 0.519E-04
 0.420E-04
 0.323E-04
 0.228E-04
 0.135E-04
 0.433E-05
-0.465E-05
-0.134E-04
-0.220E-04
-0.304E-04
-0.386E-04
-0.467E-04
-0.546E-04
-0.624E-04
-0.701E-04
-0.777E-04
-0.852E-04
-0.927E-04
-0.100E-03
-0.107E-03
-0.115E-03
-0.122E-03
-0.129E-03
-0.137E-03
-0.144E-03
-0.151E-03
-0.158E-03
-0.165E-03
-0.172E-03
-0.178E-03
-0.185E-03
-0.191E-03
-0.197E-03
-0.203E-03
-0.208E-03
-0.214E-03
-0.219E-03
-0.224E-03
-0.229E-03
-0.234E-03
-0.239E-03
-0.243E-03
-0.247E-03
-0.251E-03
-0.254E-03
-0.258E-03
-0.261E-03
-0.264E-03
-0.267E-03
-0.269E-03
-0.272E-03
-0.274E-03
-0.277E-03
-0.279E-03
-0.281E-03
-0.283E-03
-0.285E-03
-0.287E-03
-0.289E-03
-0.291E-03
-0.292E-03
-0.294E-03
-0.295E-03
-0.296E-03
-0.297E-03
-0.298E-03
-0.299E-03
-0.300E-03
-0.301E-03
-0.301E-03
-0.302E-03
-0.302E-03
-0.303E-03
-0.303E-03
-0.304E-03
-0.304E-03
-0.304E-03
-0.304E-03
-0.304E-03
-0.304E-03
-0.304E-03
-0.304E-03
-0.304E-03
-0.303E-03
-0.303E-03
-0.302E-03
-0.301E-03
-0.300E-03
-0.299E-03
-0.298E-03
-0.297E-03
-0.295E-03
-0.294E-03
-0.293E-03
-0.291E-03
-0.290E-03
-0.288E-03
-0.287E-03
-0.285E-03
-0.284E-03
-0.282E-03
-0.280E-03
-0.278E-03
-0.276E-03
-0.274E-03
-0.272E-03
-0.269E-03
-0.267E-03
-0.264E-03
-0.262E-03
-0.259E-03
-0.256E-03
-0.253E-03
-0.251E-03
-0.248E-03
-0.245E-03
-0.242E-03
-0.239E-03
-0.237E-03
-0.234E-03
-0.231E-03
-0.228E-03
-0.226E-03
-0.223E-03
-0.221E-03
-0.218E-03
-0.215E-03
-0.213E-03
-0.210E-03
-0.208E-03
-0.205E-03
-0.202E-03
-0.199E-03
-0.196E-03
-0.193E-03
-0.190E-03
-0.187E-03
-0.184E-03
-0.180E-03
-0.177E-03
-0.174E-03
-0.170E-03
-0.167E-03
-0.163E-03
-0.160E-03
-0.157E-03
-0.153E-03
-0.150E-03
-0.147E-03
-0.143E-03
-0.140E-03
-0.137E-03
-0.133E-03
-0.130E-03
-0.126E-03
-0.123E-03
-0.120E-03
-0.116E-03
-0.113E-03
-0.109E-03
-0.106E-03
-0.102E-03
-0.991E-04
-0.958E-04
-0.926E-04
-0.894E-04
-0.863E-04
-0.832E-04
-0.802E-04
-0.773E-04
-0.745E-04
-0.717E-04
-0.690E-04
-0.663E-04
-0.637E-04
-0.611E-04
-0.586E-04
-0.560E-04
-0.534E-04
-0.509E-04
-0.484E-04
-0.458E-04
-0.432E-04
-0.407E-04
-0.382E-04
-0.356E-04
-0.331E-04
-0.305E-04
-0.280E-04
-0.255E-04
-0.230E-04
-0.205E-04
-0.181E-04
-0.157E-04
-0.133E-04
-0.109E-04
-0.863E-05
-0.636E-05
-0.413E-05
-0.191E-05
 0.279E-06
 0.239E-05
 0.444E-05
 0.643E-05
 0.840E-05
 0.104E-04
 0.123E-04
 0.141E-04
 0.160E-04
 0.178E-04
 0.196E-04
 0.213E-04
 0.231E-04
 0.249E-04
 0.266E-04
 0.283E-04
 0.301E-04
 0.318E-04
 0.335E-04
 0.351E-04
 0.367E-04
 0.383E-04
 0.398E-04
 0.413E-04
 0.428E-04
 0.442E-04
 0.455E-04
 0.468E-04
 0.480E-04
 0.491E-04
 0.503E-04
 0.513E-04
 0.524E-04
 0.533E-04
 0.542E-04
 0.551E-04
 0.559E-04
 0.568E-04
 0.576E-04
 0.584E-04
 0.591E-04
 0.599E-04
 0.608E-04
 0.616E-04
 0.623E-04
 0.631E-04
 0.639E-04
 0.646E-04
 0.654E-04
 0.661E-04
 0.669E-04
 0.676E-04
 0.682E-04
 0.688E-04
 0.694E-04
 0.700E-04
 0.705E-04
 0.710E-04
 0.714E-04
 0.718E-04
 0.721E-04
 0.725E-04
 0.728E-04
 0.730E-04
 0.732E-04
 0.733E-04
 0.734E-04
 0.735E-04
 0.735E-04
 0.736E-04
 0.736E-04
 0.735E-04
 0.734E-04
 0.733E-04
 0.731E-04
 0.729E-04
 0.727E-04
 0.725E-04
 0.722E-04
 0.718E-04
 0.715E-04
 0.711E-04
 0.708E-04
 0.703E-04
 0.699E-04
 0.695E-04
 0.691E-04
 0.687E-04
 0.683E-04
 0.679E-04
 0.675E-04
 0.670E-04
 0.666E-04
 0.661E-04
 0.657E-04
 0.653E-04
 0.649E-04
 0.645E-04
 0.641E-04
 0.636E-04
 0.632E-04
 0.628E-04
 0.624E-04
 0.620E-04
 0.616E-04
 0.611E-04
 0.607E-04
 0.602E-04
 0.597E-04
 0.592E-04
 0.586E-04
 0.581E-04
 0.574E-04
 0.568E-04
 0.561E-04
 0.554E-04
 0.548E-04
 0.541E-04
 0.533E-04
 0.526E-04
 0.518E-04
 0.511E-04
 0.504E-04
 0.497E-04
 0.489E-04
 0.481E-04
 0.474E-04
 0.466E-04
 0.459E-04
 0.452E-04
 0.445E-04
 0.438E-04
 0.431E-04
 0.424E-04
 0.417E-04
 0.410E-04
 0.404E-04
 0.397E-04
 0.391E-04
 0.384E-04
 0.376E-04
 0.369E-04
 0.362E-04
 0.355E-04
 0.347E-04
 0.340E-04
 0.331E-04
 0.323E-04
 0.314E-04
 0.306E-04
 0.298E-04
 0.290E-04
 0.282E-04
 0.274E-04
 0.266E-04
 0.258E-04
 0.250E-04
 0.242E-04
 0.235E-04
 0.228E-04
 0.220E-04
 0.212E-04
 0.205E-04
 0.197E-04
 0.190E-04
 0.183E-04
 0.177E-04
 0.170E-04
 0.163E-04
 0.156E-04
 0.149E-04
 0.143E-04
 0.137E-04
 0.131E-04
 0.125E-04
 0.119E-04
 0.113E-04
 0.107E-04
 0.100E-04
 0.942E-05
 0.883E-05
 0.823E-05
 0.761E-05
 0.697E-05
 0.634E-05
 0.571E-05
 0.511E-05
 0.454E-05
 0.399E-05
 0.345E-05
 0.289E-05
 0.232E-05
 0.179E-05
 0.128E-05
 0.789E-06
 0.295E-06
-0.217E-06
-0.733E-06
-0.125E-05
-0.175E-05
-0.224E-05
-0.274E-05
-0.325E-05
-0.373E-05
-0.421E-05
-0.469E-05
-0.518E-05
-0.566E-05
-0.613E-05
-0.657E-05
-0.699E-05
-0.738E-05
-0.776E-05
-0.816E-05
-0.858E-05
-0.899E-05
-0.938E-05
-0.975E-05
-0.101E-04
-0.105E-04
-0.109E-04
-0.113E-04
-0.116E-04
-0.119E-04
-0.122E-04
-0.124E-04
-0.127E-04
-0.129E-04
-0.130E-04
-0.132E-04
-0.134E-04
-0.136E-04
-0.138E-04
-0.140E-04
-0.142E-04
-0.143E-04
-0.145E-04
-0.147E-04
-0.149E-04
-0.151E-04
-0.153E-04
-0.154E-04
-0.155E-04
-0.156E-04
-0.157E-04
-0.158E-04
-0.159E-04
-0.160E-04
-0.161E-04
-0.162E-04
-0.163E-04
-0.165E-04
-0.166E-04
-0.168E-04
-0.170E-04
-0.172E-04
-0.173E-04
-0.174E-04
-0.175E-04
-0.176E-04
-0.176E-04
-0.176E-04
-0.177E-04
-0.177E-04
-0.177E-04
-0.177E-04
-0.176E-04
-0.176E-04
-0.177E-04
-0.177E-04
-0.178E-04
-0.178E-04
-0.178E-04
-0.178E-04
-0.177E-04
-0.177E-04
-0.177E-04
-0.176E-04
-0.176E-04
-0.175E-04
-0.174E-04
-0.174E-04
-0.173E-04
-0.172E-04
-0.172E-04
-0.171E-04
-0.171E-04
-0.170E-04
-0.170E-04
-0.169E-04
-0.168E-04
-0.167E-04
-0.166E-04
-0.165E-04
-0.164E-04
-0.163E-04
-0.162E-04
-0.161E-04
-0.159E-04
-0.158E-04
-0.156E-04
-0.155E-04
-0.154E-04
-0.152E-04
-0.151E-04
-0.149E-04
-0.148E-04
-0.146E-04
-0.144E-04
-0.143E-04
-0.141E-04
-0.139E-04
-0.138E-04
-0.136E-04
-0.135E-04
-0.133E-04
-0.132E-04
-0.130E-04
-0.128E-04
-0.127E-04
-0.125E-04
-0.124E-04
-0.122E-04
-0.120E-04
-0.118E-04
-0.117E-04
-0.115E-04
-0.113E-04
-0.112E-04
-0.110E-04
-0.108E-04
-0.106E-04
-0.104E-04
-0.102E-04
-0.100E-04
-0.983E-05
-0.963E-05
-0.943E-05
-0.924E-05
-0.906E-05
-0.888E-05
-0.870E-05
-0.854E-05
-0.839E-05
-0.824E-05
-0.810E-05
-0.797E-05
-0.785E-05
-0.773E-05
-0.760E-05
-0.745E-05
-0.729E-05
-0.713E-05
-0.696E-05
-0.680E-05
-0.663E-05
-0.645E-05
-0.625E-05
-0.604E-05
-0.583E-05
-0.564E-05
-0.545E-05
-0.528E-05
-0.511E-05
-0.493E-05
-0.477E-05
-0.461E-05
-0.445E-05
-0.429E-05
-0.414E-05
-0.399E-05
-0.384E-05
-0.369E-05
-0.354E-05
-0.339E-05
-0.324E-05
-0.308E-05
-0.293E-05
-0.277E-05
-0.261E-05
-0.245E-05
-0.230E-05
-0.215E-05
-0.200E-05
-0.185E-05
-0.170E-05
-0.155E-05
-0.139E-05
-0.124E-05
-0.110E-05
-0.972E-06
-0.847E-06
-0.728E-06
-0.613E-06
-0.501E-06
-0.394E-06
-0.291E-06
-0.193E-06
-0.101E-06
-0.136E-07
 0.695E-07
 0.149E-06
 0.225E-06
 0.302E-06
 0.379E-06
 0.458E-06
 0.539E-06
 0.624E-06
 0.712E-06
 0.804E-06
 0.897E-06
 0.991E-06
 0.109E-05
 0.118E-05
 0.128E-05
 0.138E-05
 0.149E-05
 0.160E-05
 0.170E-05
 0.180E-05
 0.189E-05
 0.198E-05
 0.207E-05
 0.216E-05
 0.225E-05
 0.233E-05
 0.240E-05
 0.248E-05
 0.254E-05
 0.260E-05
 0.265E-05
 0.270E-05
 0.275E-05
 0.280E-05
 0.284E-05
 0.288E-05
 0.292E-05
 0.295E-05
 0.298E-05
 0.301E-05
 0.304E-05
 0.306E-05
 0.309E-05
 0.311E-05
 0.314E-05
 0.316E-05
 0.319E-05
 0.322E-05
 0.324E-05
 0.327E-05
 0.329E-05
 0.332E-05
 0.334E-05
 0.337E-05
 0.339E-05
 0.342E-05
 0.344E-05
 0.346E-05
 0.348E-05
 0.350E-05
 0.351E-05
 0.352E-05
 0.352E-05
 0.353E-05
 0.353E-05
 0.353E-05
 0.353E-05
 0.352E-05
 0.352E-05
 0.352E-05
 0.352E-05
 0.352E-05
 0.352E-05
 0.352E-05
 0.351E-05
 0.351E-05
 0.350E-05
 0.349E-05
 0.348E-05
 0.347E-05
 0.346E-05
 0.344E-05
 0.342E-05
 0.340E-05
 0.338E-05
 0.336E-05
 0.334E-05
 0.332E-05
 0.329E-05
 0.327E-05
 0.325E-05
 0.322E-05
 0.319E-05
 0.317E-05
 0.314E-05
 0.311E-05
 0.307E-05
 0.304E-05
 0.301E-05
 0.298E-05
 0.295E-05
 0.291E-05
 0.288E-05
 0.285E-05
 0.282E-05
 0.279E-05
 0.276E-05
 0.273E-05
 0.270E-05
 0.267E-05
 0.264E-05
 0.261E-05
 0.258E-05
 0.256E-05
 0.253E-05
 0.250E-05
 0.248E-05
 0.245E-05
 0.242E-05
 0.239E-05
 0.236E-05
 0.232E-05
 0.229E-05
 0.225E-05
 0.221E-05
 0.217E-05
 0.213E-05
 0.209E-05
 0.205E-05
 0.200E-05
 0.196E-05
 0.192E-05
 0.187E-05
 0.183E-05
 0.179E-05
 0.175E-05
 0.170E-05
 0.166E-05
 0.162E-05
 0.157E-05
 0.153E-05
 0.148E-05
 0.144E-05
 0.139E-05
 0.135E-05
 0.131E-05
 0.127E-05
 0.123E-05
 0.119E-05
 0.116E-05
 0.112E-05
 0.109E-05
 0.106E-05
 0.103E-05
 0.996E-06
 0.966E-06
 0.936E-06
 0.906E-06
 0.876E-06
 0.847E-06
 0.819E-06
 0.790E-06
 0.762E-06
 0.734E-06
 0.706E-06
 0.678E-06
 0.650E-06
 0.621E-06
 0.592E-06
 0.562E-06
 0.532E-06
 0.501E-06
 0.470E-06
 0.439E-06
 0.408E-06
 0.377E-06
 0.347E-06
 0.318E-06
 0.290E-06
 0.262E-06
 0.235E-06
 0.208E-06
 0.181E-06
 0.153E-06
 0.125E-06
 0.967E-07
 0.675E-07
 0.383E-07
 0.869E-08
-0.208E-07
-0.500E-07
-0.784E-07
-0.106E-06
-0.132E-06
-0.157E-06
-0.180E-06
-0.203E-06
-0.223E-06
-0.243E-06
-0.261E-06
-0.278E-06
-0.294E-06
-0.309E-06
-0.323E-06
-0.335E-06
-0.345E-06
-0.354E-06
-0.362E-06
-0.368E-06
-0.374E-06
-0.378E-06
-0.382E-06
-0.386E-06
-0.389E-06
-0.393E-06
-0.398E-06
-0.403E-06
-0.409E-06
-0.416E-06
-0.423E-06
-0.431E-06
-0.440E-06
-0.448E-06
-0.457E-06
-0.466E-06
-0.475E-06
-0.485E-06
-0.494E-06
-0.505E-06
-0.516E-06
-0.527E-06
-0.539E-06
-0.551E-06
-0.562E-06
-0.574E-06
-0.585E-06
-0.595E-06
-0.603E-06
-0.610E-06
-0.616E-06
-0.621E-06
-0.624E-06
-0.627E-06
-0.629E-06
-0.630E-06
-0.631E-06
-0.633E-06
-0.634E-06
-0.635E-06
-0.636E-06
-0.637E-06
-0.637E-06
-0.637E-06
-0.636E-06
-0.634E-06
-0.632E-06
-0.629E-06
-0.626E-06
-0.623E-06
-0.620E-06
-0.618E-06
-0.617E-06
-0.616E-06
-0.617E-06
-0.618E-06
-0.620E-06
-0.622E-06
-0.624E-06
-0.625E-06
-0.627E-06
-0.628E-06
-0.628E-06
-0.627E-06
-0.627E-06
-0.626E-06
-0.626E-06
-0.626E-06
-0.627E-06
-0.629E-06
-0.631E-06
-0.634E-06
-0.637E-06
-0.641E-06
-0.643E-06
-0.646E-06
-0.647E-06
-0.647E-06
-0.647E-06
-0.645E-06
-0.643E-06
-0.641E-06
-0.639E-06
-0.636E-06
-0.634E-06
-0.632E-06
-0.631E-06
-0.630E-06
-0.629E-06
-0.627E-06
-0.625E-06
-0.622E-06
-0.618E-06
-0.613E-06
-0.608E-06
-0.602E-06
-0.595E-06
-0.588E-06
-0.582E-06
-0.575E-06
-0.570E-06
-0.564E-06
-0.559E-06
-0.555E-06
-0.550E-06
-0.545E-06
-0.539E-06
-0.533E-06
-0.525E-06
-0.517E-06
-0.508E-06
-0.499E-06
-0.489E-06
-0.480E-06
-0.471E-06
-0.464E-06
-0.457E-06
-0.451E-06
-0.446E-06
-0.442E-06
-0.437E-06
-0.433E-06
-0.429E-06
-0.424E-06
-0.418E-06
-0.412E-06
-0.404E-06
-0.397E-06
-0.389E-06
-0.381E-06
-0.373E-06
-0.366E-06
-0.360E-06
-0.355E-06
-0.351E-06
-0.346E-06
-0.342E-06
-0.338E-06
-0.333E-06
-0.327E-06
-0.320E-06
-0.312E-06
-0.303E-06
-0.294E-06
-0.285E-06
-0.276E-06
-0.267E-06
-0.260E-06
-0.253E-06
-0.248E-06
-0.244E-06
-0.240E-06
-0.237E-06
-0.234E-06
-0.231E-06
-0.227E-06
-0.223E-06
-0.217E-06
-0.211E-06
-0.204E-06
-0.197E-06
-0.191E-06
-0.184E-06
-0.179E-06
-0.174E-06
-0.171E-06
-0.168E-06
-0.167E-06
-0.166E-06
-0.165E-06
-0.164E-06
-0.163E-06
-0.161E-06
-0.158E-06
-0.154E-06
-0.150E-06
-0.145E-06
-0.139E-06
-0.134E-06
-0.130E-06
-0.126E-06
-0.122E-06
-0.120E-06
-0.118E-06
-0.116E-06
-0.115E-06
-0.113E-06
-0.110E-06
-0.107E-06
-0.102E-06
-0.968E-07
-0.903E-07
-0.832E-07
-0.758E-07
-0.684E-07
-0.615E-07
-0.555E-07
-0.505E-07
-0.467E-07
-0.440E-07
-0.424E-07
-0.415E-07
-0.410E-07
-0.407E-07
-0.401E-07
-0.390E-07
-0.373E-07
-0.350E-07
-0.320E-07
-0.287E-07
-0.252E-07
-0.219E-07
-0.190E-07
-0.169E-07
-0.155E-07
-0.151E-07
-0.154E-07
-0.164E-07
-0.176E-07
-0.190E-07
-0.200E-07
-0.205E-07
-0.202E-07
-0.189E-07
-0.168E-07
-0.139E-07
-0.104E-07
-0.667E-08
-0.291E-08
 0.505E-09
 0.334E-08
 0.538E-08
 0.656E-08
 0.688E-08
 0.645E-08
 0.549E-08
 0.426E-08
 0.304E-08
 0.210E-08
 0.167E-08
 0.188E-08
 0.278E-08
 0.434E-08
 0.640E-08
 0.878E-08
 0.112E-07
 0.135E-07
 0.153E-07
 0.164E-07
 0.169E-07
 0.166E-07
 0.157E-07
 0.143E-07
 0.127E-07
 0.110E-07
 0.959E-08
 0.867E-08
 0.842E-08
 0.895E-08
 0.103E-07
 0.123E-07
 0.148E-07
 0.178E-07
 0.208E-07
 0.237E-07
 0.262E-07
 0.281E-07
 0.294E-07
 0.299E-07
 0.298E-07
 0.292E-07
 0.282E-07
 0.271E-07
 0.260E-07
 0.252E-07
 0.248E-07
 0.249E-07
 0.256E-07
 0.267E-07
 0.282E-07
 0.298E-07
 0.314E-07
 0.327E-07
 0.337E-07
 0.340E-07
 0.337E-07
 0.328E-07
 0.312E-07
 0.292E-07
 0.270E-07
 0.246E-07
 0.225E-07
 0.207E-07
 0.194E-07
 0.188E-07
 0.188E-07
 0.193E-07
 0.204E-07
 0.217E-07
 0.232E-07
 0.246E-07
 0.257E-07
 0.263E-07
 0.264E-07
 0.260E-07
 0.250E-07
 0.236E-07
 0.219E-07
 0.201E-07
 0.183E-07
 0.169E-07
 0.159E-07
 0.154E-07
 0.154E-07
 0.160E-07
 0.170E-07
 0.183E-07
 0.197E-07
 0.210E-07
 0.221E-07
 0.228E-07
 0.230E-07
 0.227E-07
 0.218E-07
 0.205E-07
 0.188E-07
 0.170E-07
 0.152E-07
 0.135E-07
 0.122E-07
 0.114E-07
 0.110E-07
 0.112E-07
 0.119E-07
 0.129E-07
 0.142E-07
 0.155E-07
 0.168E-07
 0.178E-07
 0.185E-07
 0.188E-07
 0.185E-07
 0.178E-07
 0.168E-07
 0.154E-07
 0.139E-07
 0.124E-07
 0.111E-07
 0.100E-07
 0.938E-08
 0.918E-08
 0.944E-08
 0.101E-07
 0.111E-07
 0.124E-07
 0.137E-07
 0.150E-07
 0.160E-07
 0.168E-07
 0.171E-07
 0.170E-07
 0.165E-07
 0.156E-07
 0.144E-07
 0.130E-07
 0.117E-07
 0.104E-07
 0.928E-08
 0.853E-08
 0.814E-08
 0.816E-08
 0.854E-08
 0.923E-08
 0.101E-07
 0.111E-07
 0.120E-07
 0.128E-07
 0.133E-07
 0.135E-07
 0.132E-07
 0.126E-07
 0.115E-07
 0.102E-07
 0.876E-08
 0.723E-08
 0.579E-08
 0.454E-08
 0.360E-08
 0.303E-08
 0.288E-08
 0.313E-08
 0.376E-08
 0.467E-08
 0.576E-08
 0.692E-08
 0.803E-08
 0.896E-08
 0.963E-08
 0.996E-08
 0.994E-08
 0.956E-08
 0.887E-08
 0.793E-08
 0.684E-08
 0.571E-08
 0.465E-08
 0.375E-08
 0.310E-08
 0.276E-08
 0.275E-08
 0.305E-08
 0.364E-08
 0.444E-08
 0.537E-08
 0.632E-08
 0.721E-08
 0.794E-08
 0.843E-08
 0.864E-08
 0.854E-08
 0.815E-08
 0.750E-08
 0.666E-08
 0.570E-08
 0.473E-08
 0.384E-08
 0.311E-08
 0.262E-08
 0.242E-08
 0.252E-08
 0.292E-08
 0.358E-08
 0.445E-08
 0.544E-08
 0.645E-08
 0.740E-08
 0.819E-08
 0.874E-08
 0.900E-08
 0.895E-08
 0.857E-08
 0.790E-08
 0.700E-08
 0.593E-08
 0.479E-08
 0.367E-08
 0.265E-08
 0.182E-08
 0.124E-08
 0.948E-09
 0.948E-09
 0.123E-08
 0.174E-08
 0.243E-08
 0.322E-08
 0.402E-08
 0.475E-08
 0.534E-08
 0.572E-08
 0.585E-08
 0.572E-08
 0.535E-08
 0.474E-08
 0.397E-08
 0.310E-08
 0.219E-08
 0.134E-08
 0.605E-09
 0.490E-10
-0.284E-09
-0.371E-09
-0.212E-09
 0.174E-09
 0.746E-09
 0.145E-08
 0.221E-08
 0.297E-08
 0.365E-08
 0.419E-08
 0.455E-08
 0.470E-08
 0.461E-08
 0.431E-08
 0.381E-08
 0.317E-08
 0.243E-08
 0.168E-08
 0.964E-09
 0.355E-09
-0.956E-10
-0.348E-09
-0.381E-09
-0.190E-09
 0.208E-09
 0.781E-09
 0.148E-08
 0.224E-08
 0.301E-08
 0.371E-08
 0.430E-08
 0.471E-08
 0.491E-08
 0.489E-08
 0.465E-08
 0.421E-08
 0.360E-08
 0.286E-08
 0.206E-08
 0.126E-08
 0.523E-09
-0.105E-09
-0.575E-09
-0.856E-09
-0.933E-09
-0.807E-09
-0.496E-09
-0.323E-10
 0.540E-09
 0.117E-08
 0.181E-08
 0.239E-08
 0.287E-08
 0.322E-08
 0.341E-08
 0.342E-08
 0.326E-08
 0.295E-08
 0.251E-08
 0.198E-08
 0.141E-08
 0.846E-09
 0.336E-09
-0.797E-10
-0.366E-09
-0.503E-09
-0.479E-09
-0.300E-09
 0.185E-10
 0.447E-09
 0.950E-09
 0.148E-08
 0.200E-08
 0.246E-08
 0.281E-08
 0.304E-08
 0.312E-08
 0.303E-08
 0.279E-08
 0.241E-08
 0.192E-08
 0.135E-08
 0.741E-09
 0.142E-09
-0.407E-09
-0.867E-09
-0.121E-08
-0.141E-08
-0.146E-08
-0.137E-08
-0.114E-08
-0.797E-09
-0.379E-09
 0.826E-10
 0.547E-09
 0.975E-09
 0.133E-08
 0.159E-08
 0.174E-08
 0.175E-08
 0.164E-08
 0.141E-08
 0.108E-08
 0.681E-09
 0.244E-09
-0.197E-09
-0.607E-09
-0.954E-09
-0.121E-08
-0.136E-08
-0.140E-08
-0.130E-08
-0.110E-08
-0.795E-09
-0.413E-09
 0.168E-10
 0.465E-09
 0.898E-09
 0.129E-08
 0.160E-08
 0.182E-08
 0.194E-08
 0.194E-08
 0.182E-08
 0.161E-08
 0.130E-08
 0.936E-09
 0.533E-09
 0.125E-09
-0.261E-09
-0.597E-09
-0.860E-09
-0.103E-08
-0.110E-08
-0.107E-08
-0.937E-09
-0.717E-09
-0.426E-09
-0.875E-10
 0.273E-09
 0.629E-09
 0.954E-09
 0.123E-08
 0.142E-08
 0.154E-08
 0.156E-08
 0.148E-08
 0.132E-08
 0.109E-08
 0.796E-09
 0.471E-09
 0.136E-09
-0.184E-09
-0.467E-09
-0.692E-09
-0.844E-09
-0.910E-09
-0.888E-09
-0.778E-09
-0.588E-09
-0.334E-09
-0.313E-10
 0.297E-09
 0.628E-09
 0.937E-09
 0.120E-08
 0.141E-08
 0.154E-08
 0.158E-08
 0.153E-08
 0.140E-08
 0.119E-08
 0.924E-09
 0.610E-09
 0.275E-09
-0.597E-10
-0.371E-09
-0.638E-09
-0.843E-09
-0.973E-09
-0.102E-08
-0.986E-09
-0.870E-09
-0.683E-09
-0.440E-09
-0.157E-09
 0.143E-09
 0.441E-09
 0.715E-09
 0.946E-09
 0.112E-08
 0.122E-08
 0.125E-08
 0.120E-08
 0.107E-08
 0.879E-09
 0.633E-09
 0.350E-09
 0.482E-10
-0.254E-09
-0.536E-09
-0.781E-09
-0.974E-09
-0.110E-08
-0.116E-08
-0.115E-08
-0.106E-08
-0.908E-09
-0.702E-09
-0.456E-09
-0.186E-09
 0.910E-10
 0.356E-09
 0.593E-09
 0.787E-09
 0.926E-09
 0.100E-08
 0.101E-08
 0.956E-09
 0.837E-09
 0.666E-09
 0.454E-09
 0.215E-09
-0.356E-10
-0.281E-09
-0.506E-09
-0.696E-09
-0.840E-09
-0.930E-09
-0.961E-09
-0.932E-09
-0.847E-09
-0.711E-09
-0.534E-09
-0.329E-09
-0.110E-09
 0.110E-09
 0.317E-09
 0.496E-09
 0.637E-09
 0.731E-09
 0.772E-09
 0.759E-09
 0.691E-09
 0.574E-09
 0.414E-09
 0.223E-09
 0.120E-10
-0.206E-09
-0.417E-09
-0.608E-09
-0.768E-09
-0.887E-09
-0.957E-09
-0.974E-09
-0.938E-09
-0.849E-09
-0.714E-09
-0.541E-09
-0.339E-09
-0.121E-09
 0.102E-09
 0.315E-09
 0.508E-09
 0.670E-09
 0.791E-09
 0.866E-09
 0.892E-09
 0.868E-09
 0.797E-09
 0.684E-09
 0.537E-09
 0.365E-09
 0.180E-09
-0.745E-11
-0.186E-09
-0.344E-09
-0.474E-09
-0.567E-09
-0.618E-09
-0.625E-09
-0.589E-09
-0.511E-09
-0.397E-09
-0.255E-09
-0.924E-10
 0.805E-10
 0.253E-09
 0.416E-09
 0.559E-09
 0.675E-09
 0.757E-09
 0.801E-09
 0.805E-09
 0.769E-09
 0.696E-09
 0.591E-09
 0.461E-09
 0.312E-09
 0.155E-09
-0.186E-11
-0.150E-09
-0.280E-09
-0.386E-09
-0.462E-09
-0.504E-09
-0.511E-09
-0.482E-09
-0.420E-09
-0.328E-09
-0.214E-09
-0.822E-10
 0.584E-10
 0.200E-09
 0.335E-09
 0.455E-09
 0.555E-09
 0.628E-09
 0.671E-09
 0.683E-09
 0.662E-09
 0.610E-09
 0.531E-09
 0.430E-09
 0.311E-09
 0.182E-09
 0.508E-10
-0.764E-10
-0.192E-09
-0.291E-09
-0.367E-09
-0.416E-09
-0.437E-09
-0.429E-09
-0.393E-09
-0.331E-09
-0.248E-09
-0.148E-09
-0.365E-10
 0.793E-10
 0.193E-09
 0.299E-09
 0.392E-09
 0.466E-09
 0.518E-09
 0.546E-09
 0.548E-09
 0.525E-09
 0.479E-09
 0.412E-09
 0.329E-09
 0.234E-09
 0.133E-09
 0.311E-10
-0.659E-10
-0.153E-09
-0.224E-09
-0.277E-09
-0.309E-09
-0.317E-09
-0.302E-09
-0.263E-09
-0.205E-09
-0.128E-09
-0.383E-10
 0.602E-10
 0.162E-09
 0.262E-09
 0.356E-09
 0.437E-09
 0.503E-09
 0.550E-09
 0.576E-09
 0.579E-09
 0.560E-09
 0.520E-09
 0.462E-09
 0.387E-09
 0.301E-09
 0.208E-09
 0.111E-09
 0.173E-10
-0.703E-10
-0.147E-09
-0.210E-09
-0.255E-09
-0.282E-09
-0.288E-09
-0.275E-09
-0.242E-09
-0.193E-09
-0.129E-09
-0.544E-10
 0.276E-10
 0.113E-09
 0.196E-09
 0.275E-09
 0.344E-09
 0.401E-09
 0.443E-09
 0.468E-09
 0.475E-09
 0.463E-09
 0.435E-09
 0.390E-09
 0.332E-09
 0.264E-09
 0.189E-09
 0.110E-09
 0.315E-10
-0.425E-10
-0.109E-09
-0.164E-09
-0.207E-09
-0.234E-09
-0.245E-09
-0.239E-09
-0.218E-09
-0.182E-09
-0.133E-09
-0.738E-10
-0.738E-11
 0.631E-10
 0.134E-09
 0.203E-09
 0.265E-09
 0.319E-09
 0.362E-09
 0.391E-09
 0.406E-09
 0.407E-09
 0.392E-09
 0.364E-09
 0.323E-09
 0.272E-09
 0.213E-09
 0.149E-09
 0.825E-10
 0.172E-10
-0.442E-10
-0.990E-10
-0.145E-09
-0.180E-09
-0.202E-09
-0.211E-09
-0.207E-09
-0.191E-09
-0.162E-09
-0.123E-09
-0.758E-10
-0.225E-10
 0.342E-10
 0.916E-10
 0.147E-09
 0.198E-09
 0.242E-09
 0.278E-09
 0.303E-09
 0.317E-09
 0.319E-09
 0.309E-09
 0.288E-09
 0.257E-09
 0.218E-09
 0.171E-09
 0.121E-09
 0.676E-10
 0.148E-10
-0.354E-10
-0.809E-10
-0.120E-09
-0.150E-09
-0.171E-09
-0.182E-09
-0.182E-09
-0.172E-09
-0.152E-09
-0.124E-09
-0.882E-10
-0.472E-10
-0.259E-11
 0.434E-10
 0.888E-10
 0.131E-09
 0.169E-09
 0.201E-09
 0.225E-09
 0.241E-09
 0.247E-09
 0.243E-09
 0.230E-09
 0.209E-09
 0.179E-09
 0.143E-09
 0.103E-09
 0.592E-10
 0.144E-10
-0.295E-10
-0.707E-10
-0.107E-09
-0.138E-09
-0.161E-09
-0.177E-09
-0.183E-09
-0.181E-09
-0.170E-09
-0.150E-09
-0.124E-09
-0.917E-10
-0.548E-10
-0.151E-10
 0.257E-10
 0.660E-10
 0.104E-09
 0.138E-09
 0.167E-09
 0.190E-09
 0.206E-09
 0.214E-09
 0.214E-09
 0.206E-09
 0.191E-09
 0.170E-09
 0.143E-09
 0.111E-09
 0.768E-10
 0.409E-10
 0.499E-11
-0.294E-10
-0.609E-10
-0.882E-10
-0.110E-09
-0.126E-09
-0.136E-09
-0.138E-09
-0.133E-09
-0.121E-09
-0.104E-09
-0.806E-10
-0.531E-10
-0.222E-10
 0.106E-10
 0.442E-10
 0.770E-10
 0.108E-09
 0.136E-09
 0.159E-09
 0.177E-09
 0.190E-09
 0.196E-09
 0.196E-09
 0.190E-09
 0.177E-09
 0.160E-09
 0.137E-09
 0.111E-09
 0.824E-10
 0.522E-10
 0.218E-10
-0.763E-11
-0.350E-10
-0.594E-10
-0.797E-10
-0.954E-10
-0.106E-09
-0.111E-09
-0.110E-09
-0.104E-09
-0.928E-10
-0.771E-10
-0.575E-10
-0.349E-10
-0.102E-10
 0.155E-10
 0.412E-10
 0.659E-10
 0.887E-10
 0.109E-09
 0.125E-09
 0.137E-09
 0.145E-09
 0.148E-09
 0.146E-09
 0.139E-09
 0.128E-09
 0.113E-09
 0.943E-10
 0.734E-10
 0.508E-10
 0.274E-10
 0.390E-11
-0.187E-10
-0.395E-10
-0.580E-10
-0.733E-10
-0.852E-10
-0.931E-10
-0.969E-10
-0.965E-10
-0.919E-10
-0.836E-10
-0.717E-10
-0.568E-10
-0.395E-10
-0.204E-10
-0.221E-12
 0.202E-10
 0.403E-10
 0.592E-10
 0.762E-10
 0.909E-10
 0.103E-09
 0.111E-09
 0.116E-09
 0.117E-09
 0.115E-09
 0.109E-09
 0.992E-10
 0.870E-10
 0.724E-10
 0.560E-10
 0.384E-10
 0.203E-10
 0.236E-11
-0.148E-10
-0.306E-10
-0.444E-10
-0.558E-10
-0.644E-10
-0.700E-10
-0.724E-10
-0.716E-10
-0.676E-10
-0.608E-10
-0.512E-10
-0.395E-10
-0.260E-10
-0.112E-10
 0.434E-11
 0.200E-10
 0.352E-10
 0.495E-10
 0.622E-10
 0.731E-10
 0.818E-10
 0.878E-10
 0.912E-10
 0.917E-10
 0.894E-10
 0.845E-10
 0.770E-10
 0.673E-10
 0.558E-10
 0.428E-10
 0.289E-10
 0.144E-10
-0.511E-13
-0.141E-10
-0.271E-10
-0.389E-10
-0.489E-10
-0.568E-10
-0.625E-10
-0.657E-10
-0.664E-10
-0.645E-10
-0.602E-10
-0.537E-10
-0.451E-10
-0.348E-10
-0.231E-10
-0.104E-10
 0.274E-11
 0.160E-10
 0.289E-10
 0.410E-10
 0.520E-10
 0.615E-10
 0.691E-10
 0.747E-10
 0.781E-10
 0.792E-10
 0.781E-10
 0.747E-10
 0.693E-10
 0.619E-10
 0.530E-10
 0.427E-10
 0.314E-10
 0.196E-10
 0.743E-11
-0.454E-11
-0.160E-10
-0.266E-10
-0.360E-10
-0.440E-10
-0.503E-10
-0.547E-10
-0.572E-10
-0.576E-10
-0.561E-10
-0.526E-10
-0.474E-10
-0.405E-10
-0.324E-10
-0.232E-10
-0.132E-10
-0.280E-11
 0.766E-11
 0.179E-10
 0.275E-10
 0.363E-10
 0.440E-10
 0.504E-10
 0.552E-10
 0.585E-10
 0.601E-10
 0.600E-10
 0.582E-10
 0.549E-10
 0.502E-10
 0.443E-10
 0.373E-10
 0.296E-10
 0.214E-10
 0.129E-10
 0.447E-11
-0.365E-11
-0.112E-10
-0.180E-10
-0.237E-10
-0.283E-10
-0.316E-10
-0.335E-10
-0.340E-10
-0.331E-10
-0.307E-10
-0.271E-10
-0.223E-10
-0.165E-10
-0.991E-11
-0.276E-11
 0.472E-11
 0.123E-10
 0.197E-10
 0.267E-10
 0.332E-10
 0.388E-10
 0.434E-10
 0.469E-10
 0.492E-10
 0.502E-10
 0.500E-10
 0.485E-10
 0.458E-10
 0.420E-10
 0.372E-10
 0.316E-10
 0.254E-10
 0.187E-10
 0.117E-10
 0.475E-11
-0.208E-11
-0.856E-11
-0.145E-10
-0.198E-10
-0.242E-10
-0.278E-10
-0.303E-10
-0.317E-10
-0.320E-10
-0.313E-10
-0.295E-10
-0.268E-10
-0.232E-10
-0.188E-10
-0.138E-10
-0.833E-11
-0.257E-11
 0.331E-11
 0.915E-11
 0.148E-10
 0.200E-10
 0.248E-10
 0.289E-10
 0.322E-10
 0.347E-10
 0.363E-10
 0.369E-10
 0.366E-10
 0.354E-10
 0.332E-10
 0.303E-10
 0.266E-10
 0.223E-10
 0.175E-10
 0.124E-10
 0.707E-11
 0.168E-11
-0.362E-11
-0.867E-11
-0.133E-10
-0.175E-10
-0.211E-10
-0.239E-10
-0.260E-10
-0.273E-10
-0.277E-10
-0.272E-10
-0.260E-10
-0.240E-10
-0.212E-10
-0.179E-10
-0.140E-10
-0.978E-11
-0.524E-11
-0.558E-12
 0.414E-11
 0.872E-11
 0.131E-10
 0.170E-10
 0.206E-10
 0.235E-10
 0.259E-10
 0.276E-10
 0.286E-10
 0.288E-10
 0.284E-10
 0.272E-10
 0.254E-10
 0.230E-10
 0.202E-10
 0.169E-10
 0.132E-10
 0.937E-11
 0.541E-11
 0.143E-11
-0.245E-11
-0.614E-11
-0.954E-11
-0.126E-10
-0.152E-10
-0.172E-10
-0.188E-10
-0.197E-10
-0.201E-10
-0.199E-10
-0.191E-10
-0.178E-10
-0.160E-10
-0.137E-10
-0.111E-10
-0.816E-11
-0.499E-11
-0.169E-11
 0.167E-11
 0.500E-11
 0.821E-11
 0.112E-10
 0.140E-10
 0.164E-10
 0.185E-10
 0.201E-10
 0.212E-10
 0.219E-10
 0.220E-10
 0.217E-10
 0.209E-10
 0.196E-10
 0.179E-10
 0.158E-10
 0.134E-10
 0.108E-10
 0.796E-11
 0.502E-11
 0.203E-11
-0.911E-12
-0.374E-11
-0.639E-11
-0.880E-11
-0.109E-10
-0.127E-10
-0.140E-10
-0.150E-10
-0.155E-10
-0.156E-10
-0.153E-10
-0.145E-10
-0.134E-10
-0.119E-10
-0.101E-10
-0.805E-11
-0.579E-11
-0.339E-11
-0.896E-12
 0.162E-11
 0.410E-11
 0.648E-11
 0.870E-11
 0.107E-10
 0.125E-10
 0.139E-10
 0.151E-10
 0.158E-10
 0.163E-10
 0.163E-10
 0.160E-10
 0.153E-10
 0.143E-10
 0.130E-10
 0.114E-10
 0.966E-11
 0.771E-11
 0.564E-11
 0.350E-11
 0.134E-11
-0.790E-12
-0.284E-11
-0.475E-11
-0.650E-11
-0.805E-11
-0.935E-11
-0.104E-10
-0.111E-10
-0.116E-10
-0.117E-10
-0.116E-10
-0.111E-10
-0.104E-10
-0.943E-11
-0.821E-11
-0.679E-11
-0.521E-11
-0.351E-11
-0.172E-11
 0.101E-12
 0.192E-11
 0.369E-11
 0.537E-11
 0.693E-11
 0.832E-11
 0.953E-11
 0.105E-10
 0.113E-10
 0.118E-10
 0.120E-10
 0.120E-10
 0.117E-10
 0.112E-10
 0.104E-10
 0.946E-11
 0.830E-11
 0.699E-11
 0.555E-11
 0.402E-11
 0.244E-11
 0.846E-12
-0.723E-12
-0.223E-11
-0.365E-11
-0.495E-11
-0.609E-11
-0.707E-11
-0.786E-11
-0.844E-11
-0.882E-11
-0.897E-11
-0.892E-11
-0.865E-11
-0.818E-11
-0.752E-11
-0.668E-11
-0.570E-11
-0.459E-11
-0.337E-11
-0.208E-11
-0.738E-12
 0.614E-12
 0.195E-11
 0.324E-11
 0.446E-11
 0.557E-11
 0.656E-11
 0.741E-11
 0.809E-11
 0.860E-11
 0.893E-11
 0.907E-11
 0.903E-11
 0.880E-11
 0.841E-11
 0.785E-11
 0.715E-11
 0.633E-11
 0.539E-11
 0.437E-11
 0.329E-11
 0.216E-11
 0.103E-11
-0.102E-12
-0.120E-11
-0.224E-11
-0.320E-11
-0.406E-11
-0.481E-11
-0.543E-11
-0.590E-11
-0.623E-11
-0.641E-11
-0.643E-11
-0.629E-11
-0.601E-11
-0.558E-11
-0.503E-11
-0.437E-11
-0.360E-11
-0.276E-11
-0.186E-11
-0.912E-12
 0.530E-13
 0.102E-11
 0.196E-11
 0.286E-11
 0.371E-11
 0.447E-11
 0.515E-11
 0.572E-11
 0.618E-11
 0.651E-11
 0.672E-11
 0.680E-11
 0.675E-11
 0.656E-11
 0.626E-11
 0.585E-11
 0.533E-11
 0.472E-11
 0.404E-11
 0.330E-11
 0.250E-11
 0.169E-11
 0.854E-12
 0.272E-13
-0.779E-12
-0.155E-11
-0.227E-11
-0.293E-11
-0.351E-11
-0.401E-11
-0.442E-11
-0.473E-11
-0.493E-11
-0.504E-11
-0.503E-11
-0.493E-11
-0.473E-11
-0.444E-11
-0.406E-11
-0.361E-11
-0.310E-11
-0.253E-11
-0.192E-11
-0.129E-11
-0.635E-12
 0.216E-13
 0.670E-12
 0.130E-11
 0.190E-11
 0.246E-11
 0.296E-11
 0.341E-11
 0.380E-11
 0.411E-11
 0.435E-11
 0.452E-11
 0.460E-11
 0.460E-11
 0.452E-11
 0.436E-11
 0.413E-11
 0.383E-11
 0.347E-11
 0.305E-11
 0.258E-11
 0.208E-11
 0.155E-11
 0.997E-12
 0.440E-12
-0.115E-12
-0.655E-12
-0.117E-11
-0.166E-11
-0.210E-11
-0.249E-11
-0.283E-11
-0.310E-11
-0.331E-11
-0.344E-11
-0.350E-11
-0.349E-11
-0.341E-11
-0.326E-11
-0.304E-11
-0.276E-11
-0.243E-11
-0.205E-11
-0.162E-11
-0.117E-11
-0.697E-12
-0.210E-12
 0.280E-12
 0.762E-12
 0.123E-11
 0.167E-11
 0.208E-11
 0.245E-11
 0.277E-11
 0.304E-11
 0.325E-11
 0.341E-11
 0.350E-11
 0.353E-11
 0.350E-11
 0.341E-11
 0.326E-11
 0.306E-11
 0.281E-11
 0.252E-11
 0.219E-11
 0.182E-11
 0.143E-11
 0.103E-11
 0.618E-12
 0.205E-12
-0.203E-12
-0.597E-12
-0.970E-12
-0.132E-11
-0.163E-11
-0.191E-11
-0.214E-11
-0.233E-11
-0.248E-11
-0.257E-11
-0.262E-11
-0.262E-11
-0.257E-11
-0.247E-11
-0.233E-11
-0.215E-11
-0.194E-11
-0.169E-11
-0.142E-11
-0.113E-11
-0.815E-12
-0.494E-12
-0.168E-12
 0.158E-12
 0.477E-12
 0.785E-12
 0.108E-11
 0.135E-11
 0.159E-11
 0.181E-11
 0.199E-11
 0.214E-11
 0.225E-11
 0.232E-11
 0.236E-11
 0.235E-11
 0.231E-11
 0.223E-11
 0.212E-11
 0.197E-11
 0.180E-11
 0.160E-11
 0.138E-11
 0.114E-11
 0.889E-12
 0.626E-12
 0.357E-12
 0.881E-13
-0.177E-12
-0.435E-12
-0.681E-12
-0.910E-12
-0.112E-11
-0.131E-11
-0.147E-11
-0.160E-11
-0.170E-11
-0.178E-11
-0.182E-11
-0.183E-11
-0.181E-11
-0.176E-11
-0.168E-11
-0.158E-11
-0.145E-11
-0.130E-11
-0.113E-11
-0.953E-12
-0.760E-12
-0.559E-12
-0.351E-12
-0.142E-12
 0.670E-13
 0.272E-12
 0.469E-12
 0.657E-12
 0.832E-12
 0.991E-12
 0.113E-11
 0.125E-11
 0.135E-11
 0.143E-11
 0.148E-11
 0.151E-11
 0.151E-11
 0.149E-11
 0.144E-11
 0.137E-11
 0.128E-11
 0.117E-11
 0.104E-11
 0.901E-12
 0.747E-12
 0.583E-12
 0.414E-12
 0.241E-12
 0.685E-13
-0.102E-12
-0.267E-12
-0.425E-12
-0.573E-12
-0.708E-12
-0.831E-12
-0.937E-12
-0.103E-11
-0.110E-11
-0.115E-11
-0.119E-11
-0.120E-11
-0.120E-11
-0.118E-11
-0.114E-11
-0.108E-11
-0.100E-11
-0.912E-12
-0.808E-12
-0.693E-12
-0.567E-12
-0.434E-12
-0.295E-12
-0.153E-12
-0.102E-13
 0.131E-12
 0.269E-12
 0.402E-12
 0.527E-12
 0.642E-12
 0.746E-12
 0.838E-12
 0.916E-12
 0.980E-12
 0.103E-11
 0.106E-11
 0.108E-11
 0.108E-11
 0.106E-11
 0.103E-11
 0.991E-12
 0.934E-12
 0.865E-12
 0.785E-12
 0.695E-12
 0.596E-12
 0.491E-12
 0.381E-12
 0.267E-12
 0.151E-12
 0.351E-13
-0.794E-13
-0.191E-12
-0.297E-12
-0.397E-12
-0.490E-12
-0.573E-12
-0.646E-12
-0.708E-12
-0.758E-12
-0.796E-12
-0.820E-12
-0.832E-12
-0.830E-12
-0.815E-12
-0.788E-12
-0.749E-12
-0.699E-12
-0.638E-12
-0.568E-12
-0.490E-12
-0.405E-12
-0.315E-12
-0.220E-12
-0.123E-12
-0.241E-13
 0.745E-13
 0.171E-12
 0.265E-12
 0.355E-12
 0.439E-12
 0.516E-12
 0.585E-12
 0.645E-12
 0.696E-12
 0.736E-12
 0.766E-12
 0.785E-12
 0.793E-12
 0.790E-12
 0.777E-12
 0.753E-12
 0.720E-12
 0.678E-12
 0.628E-12
 0.570E-12
 0.506E-12
 0.437E-12
 0.363E-12
 0.287E-12
 0.208E-12
 0.129E-12
 0.492E-13
-0.288E-13
-0.104E-12
-0.177E-12
-0.245E-12
-0.307E-12
-0.364E-12
-0.415E-12
-0.458E-12
-0.494E-12
-0.522E-12
-0.542E-12
-0.553E-12
-0.557E-12
-0.553E-12
-0.541E-12
-0.522E-12
-0.496E-12
-0.464E-12
-0.426E-12
-0.382E-12
-0.334E-12
-0.282E-12
-0.227E-12
-0.169E-12
-0.110E-12
-0.503E-13
 0.977E-14
 0.691E-13
 0.127E-12
 0.182E-12
 0.235E-12
 0.284E-12
 0.328E-12
 0.368E-12
 0.403E-12
 0.431E-12
 0.454E-12
 0.471E-12
 0.481E-12
 0.485E-12
 0.482E-12
 0.474E-12
 0.459E-12
 0.439E-12
 0.414E-12
 0.384E-12
 0.350E-12
 0.312E-12
 0.271E-12
 0.227E-12
 0.181E-12
 0.134E-12
 0.855E-13
 0.369E-13
-0.112E-13
-0.584E-13
-0.104E-12
-0.148E-12
-0.188E-12
-0.226E-12
-0.260E-12
-0.290E-12
-0.315E-12
-0.336E-12
-0.351E-12
-0.362E-12
-0.368E-12
-0.369E-12
-0.366E-12
-0.357E-12
-0.344E-12
-0.327E-12
-0.306E-12
-0.282E-12
-0.254E-12
-0.223E-12
-0.190E-12
-0.155E-12
-0.118E-12
-0.799E-13
-0.412E-13
-0.245E-14
 0.359E-13
 0.734E-13
 0.109E-12
 0.144E-12
 0.175E-12
 0.204E-12
 0.230E-12
 0.253E-12
 0.272E-12
 0.287E-12
 0.299E-12
 0.307E-12
 0.311E-12
 0.312E-12
 0.309E-12
 0.303E-12
 0.293E-12
 0.280E-12
 0.265E-12
 0.247E-12
 0.226E-12
 0.203E-12
 0.179E-12
 0.152E-12
 0.125E-12
 0.960E-13
 0.667E-13
 0.372E-13
 0.758E-14
-0.217E-13
-0.503E-13
-0.779E-13
-0.104E-12
-0.129E-12
-0.153E-12
-0.174E-12
-0.193E-12
-0.209E-12
-0.223E-12
-0.235E-12
-0.243E-12
-0.248E-12
-0.251E-12
-0.250E-12
-0.246E-12
-0.239E-12
-0.230E-12
-0.217E-12
-0.202E-12
-0.185E-12
-0.165E-12
-0.144E-12
-0.121E-12
-0.974E-13
-0.727E-13
-0.475E-13
-0.221E-13
 0.305E-14
 0.278E-13
 0.519E-13
 0.749E-13
 0.968E-13
 0.117E-12
 0.136E-12
 0.153E-12
 0.168E-12
 0.182E-12
 0.193E-12
 0.201E-12
 0.208E-12
 0.211E-12
 0.213E-12
 0.212E-12
 0.209E-12
 0.203E-12
 0.194E-12
 0.184E-12
 0.172E-12
 0.157E-12
 0.141E-12
 0.124E-12
 0.105E-12
 0.853E-13
 0.652E-13
 0.447E-13
 0.241E-13
 0.386E-14
-0.159E-13
-0.349E-13
-0.530E-13
-0.700E-13
-0.857E-13
-0.100E-12
-0.113E-12
-0.124E-12
-0.134E-12
-0.142E-12
-0.149E-12
-0.153E-12
-0.156E-12
-0.157E-12
-0.157E-12
-0.155E-12
-0.151E-12
-0.146E-12
-0.139E-12
-0.130E-12
-0.120E-12
-0.109E-12
-0.973E-13
-0.842E-13
-0.704E-13
-0.559E-13
-0.410E-13
-0.257E-13
-0.104E-13
 0.496E-14
 0.201E-13
 0.348E-13
 0.490E-13
 0.624E-13
 0.750E-13
 0.866E-13
 0.970E-13
 0.106E-12
 0.114E-12
 0.121E-12
 0.126E-12
 0.129E-12
 0.132E-12
 0.132E-12
 0.132E-12
 0.130E-12
 0.127E-12
 0.122E-12
 0.117E-12
 0.110E-12
 0.102E-12
 0.938E-13
 0.842E-13
 0.739E-13
 0.629E-13
 0.514E-13
 0.394E-13
 0.272E-13
 0.149E-13
 0.262E-14
-0.940E-14
-0.210E-13
-0.321E-13
-0.425E-13
-0.521E-13
-0.608E-13
-0.685E-13
-0.753E-13
-0.809E-13
-0.856E-13
-0.891E-13
-0.916E-13
-0.930E-13
-0.934E-13
-0.928E-13
-0.912E-13
-0.886E-13
-0.851E-13
-0.808E-13
-0.756E-13
-0.698E-13
-0.633E-13
-0.562E-13
-0.487E-13
-0.408E-13
-0.327E-13
-0.244E-13
-0.160E-13
-0.764E-14
 0.680E-15
 0.887E-14
 0.169E-13
 0.246E-13
 0.321E-13
 0.392E-13
 0.458E-13
 0.520E-13
 0.577E-13
 0.627E-13
 0.670E-13
 0.707E-13
 0.735E-13
 0.756E-13
 0.768E-13
 0.772E-13
 0.768E-13
 0.756E-13
 0.737E-13
 0.711E-13
 0.678E-13
 0.639E-13
 0.595E-13
 0.547E-13
 0.494E-13
 0.437E-13
 0.377E-13
 0.314E-13
 0.249E-13
 0.183E-13
 0.116E-13
 0.486E-14
-0.176E-14
-0.821E-14
-0.144E-13
-0.203E-13
-0.258E-13
-0.308E-13
-0.353E-13
-0.394E-13
-0.428E-13
-0.457E-13
-0.481E-13
-0.499E-13
-0.512E-13
-0.520E-13
-0.523E-13
-0.520E-13
-0.514E-13
-0.502E-13
-0.486E-13
-0.466E-13
-0.441E-13
-0.413E-13
-0.380E-13
-0.345E-13
-0.307E-13
-0.266E-13
-0.224E-13
-0.180E-13
-0.135E-13
-0.902E-14
-0.448E-14
 0.247E-16
 0.447E-14
 0.882E-14
 0.130E-13
 0.171E-13
 0.210E-13
 0.247E-13
 0.281E-13
 0.312E-13
 0.341E-13
 0.366E-13
 0.388E-13
 0.406E-13
 0.420E-13
 0.430E-13
 0.436E-13
 0.438E-13
 0.437E-13
 0.432E-13
 0.424E-13
 0.412E-13
 0.397E-13
 0.378E-13
 0.357E-13
 0.332E-13
 0.304E-13
 0.274E-13
 0.241E-13
 0.207E-13
 0.170E-13
 0.132E-13
 0.928E-14
 0.534E-14
 0.140E-14
-0.248E-14
-0.626E-14
-0.991E-14
-0.134E-13
-0.167E-13
-0.198E-13
-0.227E-13
-0.253E-13
-0.276E-13
-0.297E-13
-0.315E-13
-0.330E-13
-0.341E-13
-0.349E-13
-0.353E-13
-0.354E-13
-0.350E-13
-0.343E-13
-0.333E-13
-0.319E-13
-0.302E-13
-0.283E-13
-0.262E-13
-0.239E-13
-0.215E-13
-0.190E-13
-0.165E-13
-0.139E-13
-0.113E-13
-0.871E-14
-0.609E-14
-0.345E-14
-0.803E-15
 0.184E-14
 0.447E-14
 0.705E-14
 0.957E-14
 0.120E-13
 0.143E-13
 0.164E-13
 0.183E-13
 0.200E-13
 0.215E-13
 0.226E-13
 0.236E-13
 0.243E-13
 0.247E-13
 0.249E-13
 0.249E-13
 0.247E-13
 0.243E-13
 0.237E-13
 0.229E-13
 0.220E-13
 0.209E-13
 0.195E-13
 0.181E-13
 0.164E-13
 0.146E-13
 0.126E-13
 0.106E-13
 0.848E-14
 0.633E-14
 0.418E-14
 0.208E-14
 0.403E-16
-0.191E-14
-0.375E-14
-0.548E-14
-0.710E-14
-0.861E-14
-0.100E-13
-0.114E-13
-0.126E-13
-0.138E-13
-0.148E-13
-0.158E-13
-0.167E-13
-0.175E-13
-0.182E-13
-0.187E-13
-0.190E-13
-0.191E-13
-0.190E-13
-0.188E-13
-0.183E-13
-0.177E-13
-0.168E-13
-0.159E-13
-0.148E-13
-0.135E-13
-0.122E-13
-0.108E-13
-0.938E-14
-0.788E-14
-0.634E-14
-0.477E-14
-0.317E-14
-0.156E-14
 0.538E-16
 0.166E-14
 0.324E-14
 0.478E-14
 0.627E-14
 0.767E-14
 0.898E-14
 0.102E-13
 0.113E-13
 0.122E-13
 0.130E-13
 0.137E-13
 0.142E-13
 0.146E-13
 0.148E-13
 0.149E-13
 0.150E-13
 0.149E-13
 0.147E-13
 0.144E-13
 0.140E-13
 0.135E-13
 0.129E-13
 0.122E-13
 0.115E-13
 0.106E-13
 0.972E-14
 0.872E-14
 0.765E-14
 0.654E-14
 0.538E-14
 0.419E-14
 0.299E-14
 0.179E-14
 0.596E-15
-0.570E-15
-0.170E-14
-0.279E-14
-0.383E-14
-0.481E-14
-0.573E-14
-0.658E-14
-0.737E-14
-0.809E-14
-0.873E-14
-0.930E-14
-0.979E-14
-0.102E-13
-0.105E-13
-0.108E-13
-0.109E-13
-0.110E-13
-0.109E-13
-0.108E-13
-0.106E-13
-0.102E-13
-0.984E-14
-0.936E-14
-0.882E-14
-0.820E-14
-0.754E-14
-0.682E-14
-0.606E-14
-0.526E-14
-0.443E-14
-0.358E-14
-0.270E-14
-0.182E-14
-0.916E-15
-0.120E-16
 0.890E-15
 0.178E-14
 0.266E-14
 0.352E-14
 0.434E-14
 0.512E-14
 0.586E-14
 0.655E-14
 0.717E-14
 0.774E-14
 0.824E-14
 0.867E-14
 0.904E-14
 0.933E-14
 0.956E-14
 0.971E-14
 0.980E-14
 0.981E-14
 0.975E-14
 0.962E-14
 0.941E-14
 0.913E-14
 0.878E-14
 0.836E-14
 0.788E-14
 0.734E-14
 0.674E-14
 0.611E-14
 0.544E-14
 0.474E-14
 0.403E-14
 0.332E-14
 0.260E-14
 0.190E-14
 0.120E-14
 0.517E-15
-0.151E-15
-0.801E-15
-0.143E-14
-0.205E-14
-0.264E-14
-0.322E-14
-0.377E-14
-0.430E-14
-0.479E-14
-0.525E-14
-0.567E-14
-0.604E-14
-0.637E-14
-0.665E-14
-0.687E-14
-0.704E-14
-0.715E-14
-0.721E-14
-0.721E-14
-0.716E-14
-0.706E-14
-0.690E-14
-0.670E-14
-0.644E-14
-0.614E-14
-0.579E-14
-0.540E-14
-0.497E-14
-0.451E-14
-0.401E-14
-0.349E-14
-0.295E-14
-0.239E-14
-0.183E-14
-0.126E-14
-0.689E-15
-0.126E-15
 0.428E-15
 0.969E-15
 0.149E-14
 0.200E-14
 0.249E-14
 0.295E-14
 0.339E-14
 0.380E-14
 0.418E-14
 0.452E-14
 0.482E-14
 0.508E-14
 0.530E-14
 0.547E-14
 0.559E-14
 0.566E-14
 0.569E-14
 0.568E-14
 0.562E-14
 0.552E-14
 0.538E-14
 0.521E-14
 0.500E-14
 0.476E-14
 0.449E-14
 0.420E-14
 0.388E-14
 0.353E-14
 0.316E-14
 0.277E-14
 0.237E-14
 0.196E-14
